T_X,T_Y,M_Z
5033264,-0.20587864518165588,0.9495244026184082
-0.23023778200149536,-0.32598787546157837,0.8926466703414917
-0.7270854115486145,-0.21679766476154327,0.8814469575881958
-0.16688871383666992,-0.2951117753982544,0.8461054563522339
-0.6761584281921387,-0.2239171266555786,0.8508618474006653
-0.16311877965927124,-0.24990451335906982,0.7835858464241028
-0.629518449306488,-0.226279616355896,0.7908328771591187
-0.15141350030899048,-0.2003583163022995,0.6937505602836609
-0.5860543847084045,-0.22392313182353973,0.7220764756202698
-0.10650700330734253,-0.15578840672969818,0.623815655708313
-0.5424591898918152,-0.21772907674312592,0.6433729529380798
-0.08706700801849365,-0.14031635224819183,0.5736084580421448
-0.501059889793396,-0.21069155633449554,0.5661277174949646
-0.06953498721122742,-0.11555814743041992,0.4960814118385315
-0.46183034777641296,-0.2020430564880371,0.5272990465164185
-0.06524062156677246,-0.05500084161758423,0.45478200912475586
-0.42577672004699707,-0.18867558240890503,0.45420488715171814
-0.07749801874160767,-0.023076996207237244,0.3385605216026306
-0.39411503076553345,-0.17362116277217865,0.39156532287597656
-0.08163747191429138,0.018558427691459656,0.26091453433036804
-0.36570796370506287,-0.15615029633045197,0.3171513080596924
-0.10125294327735901,0.06302809715270996,0.21957968175411224
-0.3416666090488434,-0.13622498512268066,0.2527347803115845
-0.13832193613052368,0.08504217863082886,0.1697753667831421
-0.3231807351112366,-0.11610978841781616,0.15666250884532928
-0.1562136709690094,0.1148531436920166,0.07667969167232513
-0.30800190567970276,-0.09511315822601318,0.04425012692809105
-0.1774129867553711,0.1455456018447876,-0.004482752177864313
-0.2961301803588867,-0.07323508709669113,-0.012770877219736576
-0.201918363571167,0.17711950838565826,-0.14572928845882416
32.712432861328125,-6.65047550201416,-0.09086033701896667
2.7574679851531982,-0.4068922996520996,-0.24810971319675446
2.7165286540985107,-0.6283316612243652,-0.18505103886127472
2.7368316650390625,-0.3923560380935669,-0.40451592206954956
2.718374252319336,-0.6068793535232544,-0.3986218273639679
2.6662075519561768,-0.34306949377059937,-0.6017004251480103
2.7136318683624268,-0.5828966498374939,-0.5059973001480103
2.490645408630371,-0.30479615926742554,-0.5827232003211975
2.6933603286743164,-0.5576147437095642,-0.5014493465423584
2.2716476917266846,-0.3656988739967346,-0.52143394947052
2.6550228595733643,-0.5401678681373596,-0.43724629282951355
2.1335105895996094,-0.40400904417037964,-0.4135160446166992
2.6076126098632812,-0.5277897715568542,-0.3688625395298004
2.024127244949341,-0.41486990451812744,-0.30531829595565796
2.5545685291290283,-0.5175243616104126,-0.2990366220474243
1.9227683544158936,-0.38604849576950073,-0.22577235102653503
2.4971320629119873,-0.5055720210075378,-0.21844011545181274
1.8414685726165771,-0.35637569427490234,-0.1506560742855072
2.4375264644622803,-0.49200868606567383,-0.15841513872146606
1.7460589408874512,-0.31623125076293945,-0.050611719489097595
2.3746657371520996,-0.4760289192199707,-0.0879642441868782
1.647111177444458,-0.2821125090122223,0.04749936982989311
2.3085243701934814,-0.458400160074234,-0.0114981010556221
1.5457451343536377,-0.22101828455924988,0.10806281119585037
2.23918080329895,-0.43682000041007996,0.04464353993535042
1.4283807277679443,-0.17243891954421997,0.12359562516212463
2.1654717922210693,-0.4127853512763977,0.07519279420375824
1.3066463470458984,-0.12140586972236633,0.11480497568845749
2.0873966217041016,-0.3862963020801544,0.06710655242204666
1.1680395603179932,-0.07594308257102966,0.06823444366455078
2.0038187503814697,-0.3580823838710785,0.0488448403775692
1.0230611562728882,-0.0540831983089447,0.056463923305273056
1.9146589040756226,-0.3304460942745209,0.04439578205347061
0.9085922241210938,-0.05093914270401001,0.06046518683433533
1.8231983184814453,-0.30503636598587036,0.04882650449872017
0.7793115377426147,-0.058046817779541016,0.057725418359041214
1.7282994985580444,-0.28258275985717773,0.04478377848863602
0.6593910455703735,-0.051643311977386475,0.05741158872842789
1.631126046180725,-0.26158827543258667,0.043991077691316605
0.5619291067123413,-0.03909122943878174,0.05467773601412773
1.5339263677597046,-0.24136126041412354,0.04035281017422676
0.4522184133529663,-0.026889130473136902,0.053164638578891754
1.4355891942977905,-0.22186379134655,0.0346144400537014
0.3535928726196289,-0.01583436131477356,0.049695976078510284
1.3372259140014648,-0.20313385128974915,0.03170343115925789
0.27909743785858154,-0.01482534408569336,0.041972190141677856
1.2410324811935425,-0.18601489067077637,0.037015385925769806
0.23150289058685303,-0.007819414138793945,0.03962056711316109
1.1492570638656616,-0.1698153018951416,0.030857013538479805
0.15166127681732178,-0.0004805624485015869,0.0374709777534008
1.0585664510726929,-0.15442124009132385,0.030488695949316025
0.10957080125808716,0.004799693822860718,0.03679872676730156
0.9722941517829895,-0.1399466097354889,0.03263178467750549
0.07160896062850952,0.0007188767194747925,0.03127928450703621
0.8904137015342712,-0.12715883553028107,0.035293277353048325
0.03861802816390991,0.011835522949695587,0.03242449462413788
0.8129777312278748,-0.11452298611402512,0.032855093479156494
-0.0027298927307128906,0.006332919001579285,0.04551918804645538
0.7388224601745605,-0.10353608429431915,0.0375465452671051
-0.027995586395263672,0.015648700296878815,0.05870024487376213
0.6691117286682129,-0.09270109981298447,0.055517688393592834
-0.07355105876922607,0.01720595359802246,0.08214442431926727
0.6015969514846802,-0.08270955085754395,0.06663458049297333
-0.10526520013809204,0.0006163567304611206,0.10058485716581345
0.5373367667198181,-0.07513447105884552,0.07414653152227402
-0.13257083296775818,0.015381045639514923,0.08418199419975281
0.476436048746109,-0.06690578907728195,0.06302998214960098
-0.1684497892856598,0.03965902328491211,0.07792158424854279
0.4178100526332855,-0.057218074798583984,0.05282279849052429
-0.190120130777359,0.05653633922338486,0.07207883149385452
0.36254367232322693,-0.04687676578760147,0.06690042465925217
-0.19678857922554016,0.05676436424255371,0.10628245770931244
0.31169530749320984,-0.037454843521118164,0.09625108540058136
-0.2359905242919922,0.04888338968157768,0.13592001795768738
4.928811073303223,1.9034879207611084,3.904285430908203
0.16263926029205322,0.22318987548351288,0.8106292486190796
0.6385761499404907,0.15313534438610077,0.7883432507514954
0.12697947025299072,0.22133512794971466,0.871533989906311
0.5920673608779907,0.15933533012866974,0.8870033025741577
0.03071463108062744,0.20387816429138184,0.9559326171875
0.5410352945327759,0.16338467597961426,0.878208577632904
-0.09480151534080505,0.17666344344615936,0.8097407221794128
0.48323193192481995,0.16459183394908905,0.7466709017753601
-0.15347138047218323,0.1525430679321289,0.6326068043708801
0.42534980177879333,0.1634964942932129,0.6326493620872498
-0.16390952467918396,0.10756368935108185,0.47079718112945557
0.37178078293800354,0.15841169655323029,0.494891881942749
-0.20640906691551208,0.06829114258289337,0.36248326301574707
0.31921806931495667,0.1502189189195633,0.3615436851978302
-0.2118152678012848,0.00777164101600647,0.2664121389389038
0.2709423005580902,0.13726916909217834,0.2911735773086548
-0.23708762228488922,-0.048226065933704376,0.20762421190738678
2.1578521728515625,4.787312030792236,4.066176414489746
-0.08453711867332458,0.3161264657974243,0.8084654211997986
0.35639992356300354,0.5238934755325317,0.8630969524383545
-0.0800287127494812,0.2852364778518677,0.7896814346313477
0.31672459840774536,0.5021973848342896,0.8318439722061157
-0.07197263836860657,0.2280990183353424,0.7487053275108337
0.2813884913921356,0.47727933526039124,0.7219095826148987
-0.0973932296037674,0.13522249460220337,0.6146402955055237
0.24695377051830292,0.4461832642555237,0.6179246306419373
-0.1344253569841385,0.028143256902694702,0.469946950674057
0.2122829407453537,0.4081796109676361,0.5233951807022095
-0.15975971519947052,-0.09470346570014954,0.38519740104675293
0.17846088111400604,0.36246296763420105,0.44042736291885376
-0.1586465835571289,-0.1923290491104126,0.30320438742637634
0.14781475067138672,0.31202733516693115,0.37731853127479553
-0.14126968383789062,-0.2697630822658539,0.31486523151397705
-1.811560034751892,4.926043510437012,4.12481164932251
-0.2693767547607422,0.11598950624465942,0.9471086263656616
-0.07376289367675781,0.6318185925483704,0.9499214887619019
-0.26391640305519104,0.08045691251754761,0.8733364939689636
-0.09104957431554794,0.5816947817802429,0.8488673567771912
-0.23087215423583984,0.07087492942810059,0.7435135245323181
-0.1037607192993164,0.5352566242218018,0.758843183517456
-0.15860672295093536,0.004627197980880737,0.6095221042633057
-0.1087467223405838,0.48701760172843933,0.6373273730278015
-0.07861404865980148,-0.06342092156410217,0.46829044818878174
-0.10600738972425461,0.43697771430015564,0.53559410572052
0.008814431726932526,-0.1417125165462494,0.36678555607795715
-0.09556903690099716,0.38436952233314514,0.44211819767951965
0.10538329929113388,-0.18035981059074402,0.33797764778137207
-0.07730064541101456,0.33303049206733704,0.350148469209671
0.16118431091308594,-0.2076243758201599,0.294048935174942
-4.722525596618652,2.2169740200042725,4.090160846710205
-0.21608811616897583,-0.05654677748680115,0.8712835311889648
-0.4559028744697571,0.41269198060035706,0.9125233292579651
-0.19066524505615234,-0.061257749795913696,0.8175306916236877
-0.4317903518676758,0.3696056306362152,0.8331405520439148
-0.1275787353515625,-0.03805670142173767,0.6719416975975037
-0.40413475036621094,0.3325454294681549,0.7093706130981445
-0.04872569441795349,-0.009247571229934692,0.5363636016845703
-0.37182483077049255,0.30147334933280945,0.6019976735115051
0.07058334350585938,-0.0010307133197784424,0.46091482043266296
-0.3316059112548828,0.2739729583263397,0.49330559372901917
0.17393150925636292,0.02847832441329956,0.3946414589881897
-0.2856479585170746,0.2516552805900574,0.424363374710083
0.25857388973236084,0.0640053004026413,0.34140658378601074
-0.23617325723171234,0.23459617793560028,0.3926277756690979
0.32200509309768677,0.09718404710292816,0.29450708627700806
-66.18543243408203,-12.977895736694336,0.3738122582435608
-5.625808238983154,-1.0730953216552734,0.2723811864852905
-6.134555339813232,-0.9865503311157227,0.31605538725852966
-5.598226070404053,-1.0471429824829102,0.2017236202955246
-6.0857977867126465,-0.9920587539672852,0.23537464439868927
-5.486048221588135,-0.9872006773948669,0.20549510419368744
-6.031275272369385,-0.9916171431541443,0.2706844210624695
-5.34193754196167,-0.8714871406555176,0.22791065275669098
-5.968608379364014,-0.9806962013244629,0.2489582598209381
-5.227200031280518,-0.7693678140640259,0.1950494349002838
-5.901207447052002,-0.9614845514297485,0.22746114432811737
-5.120540142059326,-0.6754266023635864,0.1828567087650299
-5.830237865447998,-0.9354792833328247,0.20716319978237152
-5.022811412811279,-0.5827159285545349,0.1812681257724762
-5.756835460662842,-0.9034098982810974,0.1968570500612259
-4.923526763916016,-0.5092691779136658,0.1829170286655426
-5.681079864501953,-0.86757892370224,0.19263856112957
-4.8093767166137695,-0.42403459548950195,0.1807422637939453
-5.601834297180176,-0.8272566795349121,0.1957409381866455
-4.717038631439209,-0.3588034510612488,0.18328337371349335
-5.521398067474365,-0.7846700549125671,0.19171686470508575
-4.635738372802734,-0.2908881902694702,0.19586491584777832
-5.440883636474609,-0.7397807836532593,0.18982718884944916
-4.542425632476807,-0.22953158617019653,0.19906757771968842
-5.359205722808838,-0.6933944821357727,0.19672001898288727
-4.447949409484863,-0.16667795181274414,0.20791029930114746
-5.276364326477051,-0.6455111503601074,0.20112244784832
-4.376458644866943,-0.09304851293563843,0.22346848249435425
-5.194554805755615,-0.5952872633934021,0.21183979511260986
-4.305722713470459,-0.008636415004730225,0.23460577428340912
-5.1137518882751465,-0.5419554114341736,0.22187800705432892
-4.224050998687744,0.0700230598449707,0.2566056251525879
-5.032869815826416,-0.48632097244262695,0.24215342104434967
-4.155107021331787,0.13451817631721497,0.2845665216445923
-4.953073024749756,-0.4298810660839081,0.2642918825149536
-4.074727535247803,0.20784348249435425,0.2989691197872162
-4.873223781585693,-0.3719061017036438,0.26625823974609375
-3.9945921897888184,0.27426114678382874,0.27958521246910095
-4.7933478355407715,-0.3131636083126068,0.2431039810180664
-3.926361083984375,0.35030701756477356,0.2273561954498291
-4.714530944824219,-0.2528481185436249,0.19092606008052826
-3.871126651763916,0.43678563833236694,0.13938510417938232
-4.637857913970947,-0.19015412032604218,0.13216277956962585
-3.793295383453369,0.5332503914833069,0.10854867845773697
-4.561079502105713,-0.12439008057117462,0.06680875271558762
-3.715363025665283,0.6327852010726929,0.0645308792591095
-4.484196186065674,-0.05555596575140953,0.04199820011854172
-3.662057876586914,0.7277823686599731,0.03304852172732353
-4.409456253051758,0.015656614676117897,0.0068589672446250916
-3.5739450454711914,0.8323482275009155,-0.06732490658760071
-4.333500862121582,0.08990130573511124,-0.06088458001613617
-3.4604544639587402,0.9306673407554626,-0.14711220562458038
-4.2541327476501465,0.1663345843553543,-0.11316944658756256
-3.356065273284912,1.0231515169143677,-0.21522387862205505
-4.17249059677124,0.24422703683376312,-0.1930108219385147
-3.2371816635131836,1.1166751384735107,-0.2616434395313263
-4.087462425231934,0.32354050874710083,-0.23829683661460876
-3.1637978553771973,1.2132925987243652,-0.26899993419647217
-4.003492832183838,0.40442705154418945,-0.2847135663032532
-3.080982208251953,1.2604084014892578,-0.2723792493343353
-3.919628143310547,0.48224353790283203,-0.2990941107273102
-3.0232932567596436,1.288404941558838,-0.311711847782135
-3.8381431102752686,0.5555309653282166,-0.3064742684364319
-2.9802074432373047,1.3122907876968384,-0.3583366572856903
-3.7601490020751953,0.6243273019790649,-0.34722310304641724
-2.917030096054077,1.3055205345153809,-0.37762346863746643
-3.683501958847046,0.6862539649009705,-0.3163781762123108
-2.8793609142303467,1.3011603355407715,-0.3721877634525299
-3.610398054122925,0.7421545386314392,-0.2674693763256073
-2.845227003097534,1.2907729148864746,-0.31999674439430237
-3.540837049484253,0.7920289039611816,-0.2025553286075592
-2.7904911041259766,1.2650816440582275,-0.2004619538784027
-3.472623825073242,0.8350337147712708,-0.05055416747927666
-2.736515522003174,1.2494051456451416,-0.15321895480155945
-3.405704975128174,0.8727038502693176,-0.041493985801935196
-2.6710400581359863,1.2448630332946777,0.029949964955449104
-3.3389172554016113,0.9065365195274353,0.0419701412320137
-2.581538438796997,1.227204442024231,0.08862391859292984
-3.27006459236145,0.9356881380081177,0.09866146743297577
-2.4888179302215576,1.2386356592178345,0.1356430947780609
-3.1990420818328857,0.9632288217544556,0.16428029537200928
-2.3945069313049316,1.2315704822540283,0.16844992339611053
-3.1259026527404785,0.9876235127449036,0.21597006916999817
-2.2972121238708496,1.2466875314712524,0.23757407069206238
-3.050567150115967,1.0111747980117798,0.2071744054555893
-2.1852104663848877,1.2689851522445679,0.30689311027526855
-2.971898317337036,1.0346120595932007,0.19986222684383392
-2.069873571395874,1.2911700010299683,0.20912717282772064
-2.8898961544036865,1.0579355955123901,0.169173002243042
-1.96256422996521,1.3389843702316284,0.11607764661312103
-2.805593252182007,1.08348548412323,0.14269013702869415
-1.8398621082305908,1.4139398336410522,0.15666154026985168
-2.717799425125122,1.113526701927185,0.1622035801410675
-1.7381160259246826,1.4942177534103394,0.17421630024909973
-2.628737211227417,1.1481350660324097,0.18954457342624664
-1.6481854915618896,1.5541540384292603,0.18370386958122253
-2.5395963191986084,1.185045838356018,0.19576913118362427
-1.5587589740753174,1.5995075702667236,0.18299560248851776
-2.4504292011260986,1.222724199295044,0.14579877257347107
-1.4693024158477783,1.645628571510315,0.16446982324123383
-2.3612358570098877,1.2611700296401978,0.11141680181026459
-1.3801090717315674,1.6840744018554688,0.131673201918602
-2.2720425128936768,1.2996158599853516,0.09700089693069458
-1.2786943912506104,1.7221027612686157,0.10107098519802094
-2.1817381381988525,1.3380237817764282,0.11525452136993408
-1.2006113529205322,1.7609302997589111,0.09886536747217178
-2.0925447940826416,1.3764698505401611,0.10946967452764511
-1.124218463897705,1.782906413078308,0.05506538227200508
-2.0045151710510254,1.4134186506271362,0.06143214926123619
-1.0737192630767822,1.7957817316055298,0.009425508789718151
-1.9198973178863525,1.4481788873672485,0.03152583912014961
-1.0018997192382812,1.814074158668518,0.0025829733349382877
-1.8364429473876953,1.4814420938491821,0.062308523803949356
-0.9446232318878174,1.7975183725357056,0.027386480942368507
-1.7553684711456299,1.5101763010025024,0.1031024158000946
-0.9263883829116821,1.7776840925216675,0.10510490834712982
-1.6800066232681274,1.534495234489441,0.19986657798290253
-0.8769148588180542,1.7606245279312134,0.22456009685993195
-1.606998324394226,1.555052399635315,0.24162112176418304
-0.8303695917129517,1.7229200601577759,0.30784422159194946
-1.5363956689834595,1.5703130960464478,0.29960113763809204
-0.7737213373184204,1.6879421472549438,0.36620789766311646
-1.4670616388320923,1.581006646156311,0.38466012477874756
-0.6936053037643433,1.6560026407241821,0.43108439445495605
-1.3967474699020386,1.5878244638442993,0.4022943675518036
-0.6241596937179565,1.637494444847107,0.46419304609298706
-1.3265122175216675,1.5923398733139038,0.4436420202255249
-0.5425653457641602,1.6162643432617188,0.4658116102218628
-1.255244255065918,1.5945148468017578,0.4818792939186096
-0.4352104663848877,1.6003013849258423,0.4641953706741333
-1.1806957721710205,1.5950409173965454,0.4795793890953064
-0.3725937604904175,1.6096876859664917,0.4903534948825836
-1.1072319746017456,1.5963724851608276,0.46996358036994934
-0.2749747037887573,1.6017392873764038,0.4797624945640564
-1.0315722227096558,1.5968602895736694,0.46373096108436584
-0.18738096952438354,1.5933691263198853,0.44320374727249146
-0.9548274874687195,1.5965429544448853,0.4511951208114624
-0.08590412139892578,1.600657343864441,0.425599068403244
-0.8758344650268555,1.5969170331954956,0.4184097945690155
-0.007200658321380615,1.5925906896591187,0.3711048364639282
-0.7968677878379822,1.596523642539978,0.3804657757282257
0.059834301471710205,1.6010555028915405,0.35471871495246887
-0.7189857363700867,1.5969356298446655,0.3639768362045288
0.13771629333496094,1.60146963596344,0.33938461542129517
-0.6411037445068359,1.5973478555679321,0.3671378195285797
0.17835313081741333,1.5862489938735962,0.36925745010375977
-0.566607654094696,1.5963388681411743,0.42112553119659424
0.21560820937156677,1.569607138633728,0.42787912487983704
-0.4954971373081207,1.593908667564392,0.47934848070144653
0.2497631013393402,1.55998694896698,0.5135266780853271
-0.4277462065219879,1.5908249616622925,0.5452399253845215
0.2910487949848175,1.4986413717269897,0.5951724052429199
-0.36240121722221375,1.5824445486068726,0.6093900799751282
0.3185737431049347,1.4577407836914062,0.6673759818077087
-0.30049440264701843,1.5711078643798828,0.6478617787361145
0.36739271879196167,1.4214956760406494,0.714503824710846
-0.2397773712873459,1.557506799697876,0.6954317688941956
0.42609137296676636,1.348795771598816,0.7688050866127014
-0.17924384772777557,1.538533091545105,0.7172228693962097
0.4732475280761719,1.296468734741211,0.777380645275116
-0.11992645263671875,1.5165271759033203,0.7423168420791626
0.5430553555488586,1.2233892679214478,0.7767162919044495
-0.05965537950396538,1.4898782968521118,0.7712148427963257
0.5916820764541626,1.2140454053878784,0.7940109372138977
-0.0004428863467182964,1.464802622795105,0.7792905569076538
0.6622535586357117,1.1632219552993774,0.764809250831604
0.05980224534869194,1.437386155128479,0.7554311752319336
0.7096961736679077,1.1193376779556274,0.7552313208580017
0.11888351291418076,1.4084726572036743,0.7502683401107788
0.7562686800956726,1.0823990106582642,0.7281103730201721
0.17682762444019318,1.3788295984268188,0.7310394048690796
0.8022788763046265,1.0616161823272705,0.7057541012763977
0.23368683457374573,1.349992036819458,0.7164707183837891
0.8338268399238586,1.0082855224609375,0.6967086791992188
0.2882450222969055,1.3189277648925781,0.7182164788246155
0.8633674383163452,0.9611730575561523,0.7455727458000183
0.3405288755893707,1.2864046096801758,0.7517656683921814
0.8667576313018799,0.9303200244903564,0.7938985824584961
0.3883678615093231,1.2540333271026611,0.795197069644928
0.8529129028320312,0.8831509351730347,0.8114272952079773
0.4305992126464844,1.220316767692566,0.8258286714553833
0.8325920104980469,0.8093084096908569,0.8738710284233093
0.4671440124511719,1.1829522848129272,0.8570045828819275
0.8557594418525696,0.7385929822921753,0.9009429812431335
0.5024726986885071,1.142556071281433,0.8836965560913086
0.8410446047782898,0.6660959720611572,0.9338026642799377
0.533251941204071,1.0992414951324463,0.8922356367111206
0.8462230563163757,0.5898456573486328,0.8944249749183655
0.5617038607597351,1.0529327392578125,0.8942606449127197
0.8485035300254822,0.49371588230133057,0.9042288064956665
0.5877766013145447,1.0020948648452759,0.912899374961853
0.8859310150146484,0.4171334505081177,0.9270666837692261
0.6148815155029297,0.9489165544509888,0.9265946745872498
0.8891682028770447,0.3816755414009094,0.9445115327835083
0.6398167014122009,0.8973491787910461,0.908376932144165
0.8885067105293274,0.297172486782074,0.9301756620407104
0.6624248623847961,0.8427876830101013,0.9202296733856201
0.8619357943534851,0.2358393669128418,0.9476037621498108
0.6805621981620789,0.7876105308532715,0.933610200881958
0.8308982849121094,0.1738896369934082,0.9497022032737732
0.6942291259765625,0.7318177223205566,0.9533945918083191
0.7831627130508423,0.11174279451370239,0.9731023907661438
0.702314019203186,0.6754472851753235,0.9532174468040466
0.7784534692764282,0.03890448808670044,0.9978412985801697
0.7092357873916626,0.6175797581672668,0.9895176291465759
0.737060546875,-0.00040656328201293945,0.9964964389801025
0.7117652893066406,0.5613991618156433,0.9734177589416504
0.7151474356651306,-0.055751025676727295,0.9684391021728516
0.7120727896690369,0.5052946209907532,0.9511121511459351
0.6662757992744446,-0.11862820386886597,0.9701230525970459
0.7079094052314758,0.44857436418533325,0.9529475569725037
0.6135124564170837,-0.165235698223114,0.9464166164398193
0.6993278861045837,0.39277344942092896,0.9671207070350647
0.5932865142822266,-0.2037326693534851,0.9745856523513794
0.6896877288818359,0.33854562044143677,0.9717238545417786
0.5225376486778259,-0.25587186217308044,0.9968847632408142
0.6744922995567322,0.2845076620578766,0.9804906845092773
0.4962726831436157,-0.27572154998779297,1.003092646598816
0.6582905054092407,0.23357772827148438,0.9925671815872192
0.4559135437011719,-0.31737321615219116,1.0284818410873413
0.639892578125,0.1834912747144699,1.000522494316101
0.43809473514556885,-0.3505743145942688,1.0252935886383057
0.6215473413467407,0.13493986427783966,0.999114990234375
0.4447712302207947,-0.38307589292526245,0.9709954261779785
0.6054767966270447,0.0878475233912468,0.9750121831893921
0.4167667627334595,-0.4213080406188965,0.951349139213562
0.588321328163147,0.04156064987182617,0.9480523467063904
0.3999008536338806,-0.4591516852378845,0.9381574988365173
0.57119220495224,-0.003958654589951038,0.957818329334259
0.4077892303466797,-0.48862171173095703,0.9937266111373901
0.5563373565673828,-0.0480189323425293,0.9707555174827576
0.492156982421875,-0.4938097596168518,0.9841562509536743
0.5505027770996094,-0.08854537457227707,0.9909188151359558
0.5372303128242493,-0.47690850496292114,1.054663896560669
0.5492962002754211,-0.12385111302137375,1.0971380472183228
0.5624847412109375,-0.45395100116729736,1.1691644191741943
0.5504951477050781,-0.1538601964712143,1.100954294204712
0.6253757476806641,-0.46916332840919495,1.0692188739776611
0.5573024749755859,-0.18252411484718323,0.9914161562919617
0.6429588198661804,-0.5404579639434814,0.8759087920188904
0.5650894045829773,-0.21506355702877045,0.8729296326637268
0.5765491724014282,-0.5958195328712463,0.7452042698860168
0.5661312341690063,-0.24967773258686066,0.7916387915611267
0.43092650175094604,-0.6254209280014038,0.7168992161750793
0.5538398623466492,-0.2838362157344818,0.7662079930305481
0.2964134216308594,-0.6554023027420044,0.7283213138580322
0.5304374694824219,-0.31761494278907776,0.7407393455505371
0.164166659116745,-0.6516507863998413,0.695225179195404
0.49714013934135437,-0.34798184037208557,0.6996912360191345
0.09448853135108948,-0.6723219156265259,0.6332241296768188
0.4605354368686676,-0.3774673044681549,0.6566543579101562
-0.0029354095458984375,-0.6912760734558105,0.5299985408782959
0.41840171813964844,-0.40599536895751953,0.5661718249320984
-0.08144569396972656,-0.7101083993911743,0.425388902425766
0.37296104431152344,-0.4336419999599457,0.4771856963634491
-0.16384199261665344,-0.7449440956115723,0.3333674371242523
0.32416078448295593,-0.461942195892334,0.3971002697944641
-0.24930837750434875,-0.7719912528991699,0.2577647566795349
0.27202722430229187,-0.4901284873485565,0.2602875828742981
-0.3255992829799652,-0.7908992171287537,0.050506748259067535
0.21769753098487854,-0.5174712538719177,-0.03760341554880142
-0.29610633850097656,-0.8718223571777344,-0.22644683718681335
0.1709880828857422,-0.549685001373291,-0.1721239537000656
-0.25581663846969604,-0.8647463321685791,-0.5054408311843872
0.1321876496076584,-0.578326940536499,-0.37033769488334656
-0.23091086745262146,-0.8194932341575623,-0.7374525666236877
0.09917869418859482,-0.6002511382102966,-0.6359170079231262
-0.1757667511701584,-0.7683574557304382,-1.150488257408142
0.07418365776538849,-0.6155335307121277,-1.0315462350845337
-0.08498954772949219,-0.6185453534126282,-1.3007725477218628
0.05971336364746094,-0.6158073544502258,-1.0685654878616333
-0.128916934132576,-0.4064999222755432,-1.1733169555664062
0.042565155774354935,-0.5967794060707092,-0.9415941834449768
-0.2648208737373352,-0.281982421875,-0.9108507633209229
0.014620971865952015,-0.5681614875793457,-0.8388177752494812
-0.4021884799003601,-0.23271989822387695,-0.717555046081543
-0.023270798847079277,-0.5376667976379395,-0.7702043056488037
-0.45114555954933167,-0.16803640127182007,-0.6209196448326111
-0.06216850504279137,-0.5040640234947205,-0.6865774989128113
-0.46416130661964417,-0.09305629134178162,-0.517180860042572
-0.09871330112218857,-0.4666996896266937,-0.5767723321914673
-0.47452622652053833,-0.005871385335922241,-0.42003563046455383
-0.1328781098127365,-0.4248062074184418,-0.5144006609916687
-0.44613876938819885,0.07614687085151672,-0.3317815363407135
-0.1613563597202301,-0.37926504015922546,-0.4577678143978119
-0.39984130859375,0.1613951027393341,-0.36952072381973267
-0.18303680419921875,-0.33011409640312195,-0.47910553216934204
-0.29843559861183167,0.23169678449630737,-0.43402940034866333
-0.19352760910987854,-0.2790403962135315,-0.536931037902832
-0.23472976684570312,0.3055921494960785,-0.5387133955955505
-4.864178657531738,1.7072019577026367,-4.33757209777832
-0.6007621884346008,0.5577157735824585,-1.1307142972946167
-0.6196487545967102,0.005104923155158758,-1.13463294506073
-0.5496944785118103,0.6197489500045776,-1.054875373840332
-0.6132892966270447,0.06098165735602379,-1.0473695993423462
-0.4927207827568054,0.7246102094650269,-0.8016542792320251
-0.6023284792900085,0.12131152302026749,-0.7824686765670776
-0.40957754850387573,0.7486636638641357,0.043106358498334885
-0.5848056674003601,0.1783435344696045,-0.18218979239463806
-0.35066795349121094,0.5845152139663696,0.04871786758303642
-0.5635204315185547,0.21526823937892914,-0.19271452724933624
-0.27635157108306885,0.3829570412635803,0.006275513209402561
-0.5374141931533813,0.23051266372203827,-0.11065393686294556
-0.18037909269332886,0.29438304901123047,0.18152722716331482
-0.5049564242362976,0.23631906509399414,0.026155397295951843
-0.08767279982566833,0.27277272939682007,0.25073423981666565
-0.46702155470848083,0.23963303864002228,0.06073728948831558
-0.003735363483428955,0.18998923897743225,0.1374724954366684
-0.42490464448928833,0.23511996865272522,0.06188227981328964
0.084673672914505,0.10782189667224884,0.05422719568014145
-0.37857934832572937,0.22354741394519806,0.05327627435326576
0.14264336228370667,0.07894539833068848,0.09377380460500717
-0.3311954438686371,0.2104017734527588,0.05307164415717125
0.1655803620815277,0.0666358470916748,0.08959199488162994
-0.2860340178012848,0.19733214378356934,0.052955757826566696
0.21074600517749786,0.05356569588184357,0.04812600463628769
-0.24087218940258026,0.1842624694108963,0.045854829251766205
0.2687019109725952,0.05696387588977814,0.07449717074632645
-2.1276416778564453,4.839595794677734,-3.7110838890075684
0.12765082716941833,0.486958384513855,-0.4989452362060547
-0.32501640915870667,0.5869544744491577,-0.4770015478134155
0.1868698000907898,0.5271973609924316,-0.3687542974948883
-0.27848130464553833,0.5815219879150391,-0.3574410080909729
0.30673712491989136,0.5192582011222839,-0.30653464794158936
-0.22527961432933807,0.5758616328239441,-0.3314902186393738
0.4687831997871399,0.4760684370994568,-0.3301171064376831
-0.1621830016374588,0.5667895674705505,-0.3589726388454437
0.590680718421936,0.39736562967300415,-0.40875518321990967
-0.09374084323644638,0.551387369632721,-0.3968667984008789
0.6693279147148132,0.32244712114334106,-0.4823342561721802
-0.024370957165956497,0.53057461977005,-0.4900733530521393
0.6883648037910461,0.26109206676483154,-0.5305947661399841
0.0404232032597065,0.5060762166976929,-0.46104973554611206
0.6673179864883423,0.23107463121414185,-0.3691730201244354
0.09741363674402237,0.48107606172561646,-0.3345544636249542
0.6375945806503296,0.17522794008255005,-0.2599533498287201
0.14652100205421448,0.45327168703079224,-0.24210281670093536
0.6244434118270874,0.11574146151542664,-0.1410043090581894
0.18996849656105042,0.422587126493454,-0.15124617516994476
0.5925319790840149,0.02846422791481018,-0.03252115100622177
0.2265651673078537,0.3867577612400055,-0.07182005047798157
0.5179805755615234,-0.03737664222717285,0.045869018882513046
0.25305747985839844,0.34820008277893066,-0.0151580311357975
0.4699867367744446,-0.10719862580299377,0.1046450287103653
0.27277833223342896,0.3068002164363861,0.08486320823431015
0.39163896441459656,-0.15369921922683716,0.18374888598918915
0.2835838496685028,0.264936625957489,0.16977190971374512
0.35355493426322937,-0.1938922107219696,0.25971609354019165
0.2899448573589325,0.22322490811347961,0.20894743502140045
0.31074103713035583,-0.24237574636936188,0.34884220361709595
0.29183539748191833,0.1808975785970688,0.2933540344238281
0.2762550413608551,-0.27500730752944946,0.4457356929779053
0.2904190123081207,0.13945166766643524,0.3543502390384674
0.23874741792678833,-0.29831457138061523,0.470562219619751
0.2857216000556946,0.09965474158525467,0.367467999458313
0.19853782653808594,-0.30308759212493896,0.4518744647502899
2.210890293121338,4.729948043823242,-3.369731903076172
0.3424842953681946,0.10228458046913147,-0.238529235124588
0.4434364438056946,0.45230403542518616,-0.27507489919662476
0.32103005051612854,0.09302821755409241,-0.2805320620536804
0.4323085844516754,0.4196425974369049,-0.31357327103614807
0.26014405488967896,0.03670984506607056,-0.3236018419265747
0.4166572690010071,0.3848305344581604,-0.29848751425743103
0.2794342041015625,-0.05001169443130493,-0.2732684910297394
0.40418243408203125,0.3452994227409363,-0.266933798789978
0.2905334532260895,-0.1157061755657196,-0.1983831375837326
0.393850713968277,0.3033898174762726,-0.2329021692276001
0.29242515563964844,-0.158033549785614,-0.154677152633667
0.3846302032470703,0.26144224405288696,-0.1898239254951477
0.2832046449184418,-0.19998113811016083,-0.12779498100280762
0.37540969252586365,0.21949465572834015,-0.1250014305114746
0.262054443359375,-0.23306798934936523,-0.06364508718252182
0.36510467529296875,0.17835259437561035,-0.08676288276910782
0.2278774380683899,-0.256489634513855,-0.017161373049020767
0.35262948274612427,0.13882148265838623,-0.05391558259725571
0.19182395935058594,-0.26985710859298706,0.03866136819124222
0.3380107879638672,0.10166888684034348,-0.019403833895921707
0.16556093096733093,-0.2897065579891205,0.05215438827872276
0.32233354449272156,0.06608929485082626,0.012028032913804054
0.13794976472854614,-0.3164256811141968,0.0622636154294014
0.30557137727737427,0.03131520748138428,0.02314787544310093
0.08625450730323792,-0.29929056763648987,0.07565534859895706
4.952538967132568,1.9343540668487549,-3.7279417514801025
0.46671295166015625,-0.13588862121105194,-0.5630373954772949
0.6877899169921875,0.14855189621448517,-0.5881386399269104
0.43353575468063354,-0.13014492392539978,-0.5418344736099243
0.6646758913993835,0.12321581691503525,-0.5324462652206421
0.38626861572265625,-0.1462022364139557,-0.4298710525035858
0.6393661499023438,0.09872326999902725,-0.4250950515270233
0.3231388330459595,-0.2032124400138855,-0.2919374704360962
0.6106182336807251,0.07127457112073898,-0.29121020436286926
0.2807239890098572,-0.272456556558609,-0.16077503561973572
0.5806278586387634,0.040026284754276276,-0.205890953540802
0.20184403657913208,-0.3020342290401459,-0.06908426433801651
0.5461929440498352,0.008929872885346413,-0.14837177097797394
0.11938822269439697,-0.3061314523220062,0.01060160156339407
0.5073925256729126,-0.019712066277861595,-0.08344900608062744
0.04478606581687927,-0.30819225311279297,0.012234887108206749
0.4653373658657074,-0.045937538146972656,-0.050602227449417114
-0.00804901123046875,-0.2917867600917816,0.007596562150865793
0.42230224609375,-0.06828746944665909,-0.04851076379418373
-0.037127673625946045,-0.263897567987442,-0.01768304407596588
0.38053590059280396,-0.08607020229101181,-0.03418760746717453
-0.08996352553367615,-0.24749255180358887,-0.05502009019255638
0.3377632200717926,-0.10074496269226074,-0.07393384724855423
-0.10713958740234375,-0.229231595993042,-0.0934734120965004
0.2973175048828125,-0.11242556571960449,-0.10005256533622742
-0.14671668410301208,-0.2155846655368805,-0.14661328494548798
33.25695037841797,-6.721803665161133,7.410439491271973
2.8134915828704834,-0.8080773949623108,1.1070685386657715
3.2166364192962646,-0.7296467423439026,1.123582363128662
2.7984883785247803,-0.7914274334907532,1.1287004947662354
3.1786229610443115,-0.7352631688117981,1.1564735174179077
2.761049747467041,-0.7801584601402283,1.1469287872314453
3.1406617164611816,-0.7393445372581482,1.1101244688034058
2.600581407546997,-0.7885057926177979,1.060301661491394
3.0915634632110596,-0.7438137531280518,1.0340713262557983
2.4505317211151123,-0.8825017809867859,0.9800882339477539
3.033287763595581,-0.7564217448234558,0.9842103719711304
2.3160369396209717,-0.9770305156707764,0.8931230306625366
2.968083143234253,-0.7764770984649658,0.9189152121543884
2.200214147567749,-1.0460708141326904,0.8246448636054993
2.8982770442962646,-0.8009856343269348,0.8689153790473938
2.1295392513275146,-1.0959069728851318,0.7728056907653809
2.8283917903900146,-0.8277966380119324,0.8381020426750183
2.0727460384368896,-1.0978074073791504,0.8427936434745789
2.7596967220306396,-0.8523430824279785,0.8717060685157776
2.028493642807007,-1.123189926147461,0.8928043842315674
2.693223714828491,-0.8769655227661133,0.892178475856781
1.9879066944122314,-1.1064339876174927,0.9200302958488464
2.629103899002075,-0.8978263139724731,0.9174396395683289
1.9374496936798096,-1.0854988098144531,0.9554241895675659
2.5662262439727783,-0.9148874282836914,0.9421243071556091
1.8760197162628174,-1.060347557067871,0.9849671125411987
2.5034801959991455,-0.9281110763549805,0.956723153591156
1.814133882522583,-1.0482420921325684,1.0026756525039673
2.440812349319458,-0.9390320777893066,0.9834839105606079
1.7401154041290283,-1.0334186553955078,1.0187135934829712
2.377112627029419,-0.9476127028465271,1.0061910152435303
1.6769864559173584,-1.0251127481460571,1.0357024669647217
2.313464879989624,-0.9546581506729126,1.0119444131851196
1.6022775173187256,-0.997969925403595,1.0428307056427002
2.2488114833831787,-0.9585955739021301,1.0167325735092163
1.5137519836425781,-0.9841869473457336,1.0400798320770264
2.181987762451172,-0.9609220623970032,1.0203269720077515
1.4480845928192139,-0.9527426958084106,1.0330548286437988
2.115269422531128,-0.9601784944534302,1.0179334878921509
1.3694322109222412,-0.9431388974189758,1.023840069770813
2.0474660396575928,-0.9586294293403625,1.0158811807632446
1.2896969318389893,-0.9327296614646912,1.024612545967102
1.9785778522491455,-0.9562749266624451,1.0208756923675537
1.2333176136016846,-0.9223499298095703,1.0265495777130127
1.9108269214630127,-0.953190803527832,1.0203778743743896
1.1658562421798706,-0.9108231663703918,1.0298597812652588
1.8431023359298706,-0.9493392109870911,1.0210497379302979
1.0984190702438354,-0.8985288739204407,1.0307279825210571
1.7754038572311401,-0.9447200894355774,1.0256712436676025
1.0310100317001343,-0.8854670524597168,1.02804696559906
1.7077316045761108,-0.939333438873291,1.023398518562317
0.9636253118515015,-0.871637761592865,1.0288958549499512
1.6400855779647827,-0.9331793189048767,1.0206049680709839
0.9087797403335571,-0.8490157127380371,1.0234286785125732
1.5736032724380493,-0.9255280494689941,1.0156890153884888
0.8428744077682495,-0.8244791030883789,1.0123155117034912
1.5071734189987183,-0.9163417816162109,1.0135958194732666
0.788665771484375,-0.8157114386558533,1.0113508701324463
1.441854476928711,-0.9071936011314392,1.0059877634048462
0.7233489751815796,-0.8065631985664368,0.9833675622940063
1.3765357732772827,-0.8980453610420227,0.9792142510414124
0.6716930866241455,-0.7556190490722656,0.9545319080352783
1.3124592304229736,-0.8850975036621094,0.9622771143913269
0.645438551902771,-0.7101540565490723,0.9387840032577515
1.2518209218978882,-0.8691935539245605,0.9421863555908203
0.5722874402999878,-0.7022742629051208,0.9305381178855896
1.1900452375411987,-0.8540191054344177,0.9280408620834351
0.5346689224243164,-0.6963785290718079,0.9173688888549805
1.1304655075073242,-0.8396881222724915,0.9178400635719299
0.4753788709640503,-0.6736049056053162,0.9035109281539917
1.07091224193573,-0.8245896697044373,0.9002141952514648
0.4402681589126587,-0.6593424677848816,0.8826678991317749
1.0135809183120728,-0.8095671534538269,0.8837546110153198
0.4076690673828125,-0.636712372303009,0.8645755648612976
0.9584980010986328,-0.7938531041145325,0.8684768080711365
0.35258620977401733,-0.6209987998008728,0.8593276739120483
0.9034151434898376,-0.778139054775238,0.8518664836883545
0.32252711057662964,-0.589234471321106,0.8437782526016235
0.8506070971488953,-0.7609659433364868,0.844626784324646
0.3069601058959961,-0.5564295649528503,0.8314245939254761
0.8011846542358398,-0.7423717379570007,0.8296447396278381
0.2825593948364258,-0.5217854976654053,0.8047704696655273
0.7540369033813477,-0.7223184108734131,0.8118450045585632
0.2604333758354187,-0.4856824278831482,0.7941004633903503
0.7091638445854187,-0.7008060812950134,0.7987025380134583
0.2158498764038086,-0.45572733879089355,0.7837212085723877
0.6643171310424805,-0.6785261631011963,0.7926065921783447
0.20853370428085327,-0.4093729853630066,0.7905774712562561
0.6228823065757751,-0.6540576815605164,0.7900668978691101
0.17932122945785522,-0.38532203435897827,0.7854052186012268
0.5825585722923279,-0.6296271681785583,0.7745117545127869
0.15179681777954102,-0.34442418813705444,0.7606731653213501
0.543398380279541,-0.6036996245384216,0.7647580504417419
0.13765734434127808,-0.3024473786354065,0.7672109603881836
0.5065128207206726,-0.5763130784034729,0.7603132128715515
0.11270570755004883,-0.2839204668998718,0.760398268699646
0.47071218490600586,-0.5497319102287292,0.7439137101173401
0.08941593766212463,-0.24931472539901733,0.7462162375450134
0.4360488951206207,-0.5224213004112244,0.7294072508811951
0.06668654084205627,-0.2308647632598877,0.7355630993843079
0.40247049927711487,-0.49591612815856934,0.7147873044013977
0.04504099488258362,-0.21321985125541687,0.7067739963531494
0.3699769079685211,-0.4702164828777313,0.6835864782333374
0.011970430612564087,-0.2044050395488739,0.6521676778793335
0.337430864572525,-0.44605180621147156,0.6519666910171509
-0.021152585744857788,-0.19712623953819275,0.6119545102119446
0.3048323690891266,-0.4234221875667572,0.6116495132446289
-0.05490502715110779,-0.20826688408851624,0.5671163201332092
0.27212896943092346,-0.4038626253604889,0.5660207867622375
-0.0878969132900238,-0.19714999198913574,0.5000075101852417
0.23939934372901917,-0.3850705623626709,0.5126861929893494
-0.12235851585865021,-0.22901380062103271,0.4510631561279297
0.20651225745677948,-0.370883584022522,0.4546681344509125
-0.15668801963329315,-0.25703999400138855,0.3935433030128479
0.17349405586719513,-0.3605341613292694,0.38347211480140686
-0.17892731726169586,-0.28932154178619385,0.33524811267852783
0.1414557546377182,-0.3540602922439575,0.32978755235671997
-0.17574195563793182,-0.32631367444992065,0.2664864659309387
0.11261959373950958,-0.35153788328170776,0.25856396555900574
-0.20544356107711792,-0.3491195738315582,0.18043483793735504
0.08370476216077805,-0.35131803154945374,0.24169999361038208
-0.20962515473365784,-0.3412923514842987,0.19361737370491028
0.057038404047489166,-0.35040661692619324,0.25752267241477966
-0.22262772917747498,-0.2985855042934418,0.2246105968952179
0.031614210456609726,-0.3456955850124359,0.248275488615036
-0.2466084510087967,-0.2516613304615021,0.20422616600990295
0.006321239750832319,-0.3371470272541046,0.19487711787223816
-0.2949027121067047,-0.2000642716884613,0.1483684778213501
-0.021062755957245827,-0.3246849477291107,0.140507772564888
-0.32113274931907654,-0.15383172035217285,0.09622844308614731
-0.04834184795618057,-0.30915284156799316,0.11210435628890991
-0.3839240074157715,-0.10327604413032532,0.0352456271648407
-0.07884931564331055,-0.2904367744922638,0.06187140569090843
-0.4016321301460266,-0.06809210777282715,0.014266294427216053
-0.10819321125745773,-0.27022361755371094,-7.5289082527160645
-0.40595531463623047,-0.03182940185070038,-1.3371549844741821
-0.13526248931884766,-0.2485514134168625,-1.3578262329101562
-0.4568902850151062,0.007563471794128418,-1.5283794403076172
-0.1645013839006424,-0.22526824474334717,-1.5616464614868164
-0.6054660677909851,0.1194501519203186,-1.7692407369613647
-0.2045890837907791,-0.19393020868301392,-1.769842505455017
-0.732550859451294,0.11149920523166656,-1.9862234592437744
-0.25258561968803406,-0.16616390645503998,-1.666253685951233
-0.7732303142547607,-0.0046767741441726685,-1.8040339946746826
-0.29991695284843445,-0.15148325264453888,-1.7208484411239624
-0.7521346807479858,-0.13602720201015472,-1.7930896282196045
-0.3410276472568512,-0.1500781625509262,-1.7203466892242432
-0.6741986274719238,-0.23166829347610474,-1.7422571182250977
-0.37131592631340027,-0.1574954390525818,-1.7097141742706299
-0.5956424474716187,-0.27661556005477905,-1.7068002223968506
-0.39170923829078674,-0.1683245450258255,-1.6995424032211304
-0.5066133737564087,-0.30808955430984497,-1.7009835243225098
-0.4021550714969635,-0.18103045225143433,-1.6498064994812012
-0.3340166509151459,-0.3355039358139038,-1.4929718971252441
-0.39596065878868103,-0.19507350027561188,-1.4135514497756958
-0.1779823899269104,-0.26169121265411377,-1.0966588258743286
-0.3761444687843323,-0.20112966001033783,-1.1302120685577393
-0.1427704393863678,-0.17529594898223877,-0.7830965518951416
-0.3549286425113678,-0.19878113269805908,-0.8014661073684692
-0.16986560821533203,-0.15439145267009735,-0.685509204864502
-0.3381047248840332,-0.19474570453166962,-0.7301501035690308
-0.20164170861244202,-0.14024235308170319,-0.5111711025238037
-0.32569900155067444,-0.18979085981845856,-0.6074743866920471
-0.24976935982704163,-0.1163136214017868,-0.33143192529678345
-0.318796306848526,-0.18311111629009247,-0.4669617712497711
-0.25508904457092285,-0.10921621322631836,-0.22036610543727875
-0.313004732131958,-0.17639338970184326,-0.35571834444999695
-0.26123085618019104,-0.09363803267478943,-0.14293280243873596
-0.3082980215549469,-0.16887018084526062,-0.26103129982948303
-0.2673030495643616,-0.043484121561050415,-0.10342303663492203
-0.3045712113380432,-0.1574714481830597,-0.14365240931510925
-0.2629997730255127,-0.015200003981590271,-0.0288237277418375
-0.30079197883605957,-0.14453767240047455,-0.048504218459129333
-0.27028796076774597,0.03192189335823059,0.033501334488391876
-0.2980189025402069,-0.12849590182304382,-0.010894861072301865
-0.2538500428199768,0.08975907415151596,0.12563200294971466
-0.29400354623794556,-0.10865453630685806,0.04121817275881767
-0.2373243272304535,0.1176254078745842,0.1636180877685547
-0.288850873708725,-0.08808363229036331,0.09468215703964233
-0.19435110688209534,0.17071358859539032,0.2028106451034546
-0.28025999665260315,-0.06455661356449127,0.16427257657051086
-0.17324933409690857,0.20226548612117767,0.2708837389945984
-0.2705317437648773,-0.04030005633831024,0.2321586012840271
-0.1154986023902893,0.19952328503131866,0.37098032236099243
-0.25643783807754517,-0.018497934564948082,0.32426899671554565
-0.07724837958812714,0.21204730868339539,0.47720807790756226
-0.24014787375926971,0.0024607244413346052,0.44658297300338745
-0.025158315896987915,0.20642495155334473,0.5887076258659363
-0.22060337662696838,0.02100292593240738,0.5067360401153564
0.02989836037158966,0.18994347751140594,0.5502081513404846
-0.19783048331737518,0.03636115789413452,0.4724365174770355
0.051804736256599426,0.17997382581233978,0.4606766104698181
-0.17513637244701385,0.04941685497760773,0.42592889070510864
0.06256704032421112,0.20188993215560913,0.34937146306037903
-0.15352697670459747,0.06327804177999496,0.3415416479110718
0.07166452705860138,0.20772618055343628,0.23339606821537018
-0.13305501639842987,0.07640969008207321,0.2653736472129822
0.07933712005615234,0.20439036190509796,0.1126183569431305
-0.11374664306640625,0.08804430067539215,0.17403995990753174
0.061402417719364166,0.20039287209510803,0.0341130793094635
-0.09782399982213974,0.09825780242681503,0.04984556883573532
0.06423825770616531,0.18569621443748474,-0.059940844774246216
-0.08309107273817062,0.1062067523598671,-0.04881781339645386
0.053371429443359375,0.16071024537086487,-0.3170444369316101
-0.07068538665771484,0.11116161197423935,-0.2835354506969452
0.06548862159252167,0.15722228586673737,-0.4465143382549286
-0.058305930346250534,0.1153489500284195,-0.3638586103916168
0.06449279189109802,0.12805703282356262,-0.527553379535675
-0.04714241251349449,0.1165042296051979,-0.4472449719905853
0.06256742775440216,0.10430204123258591,-0.5568452477455139
-0.03716878965497017,0.1153949424624443,-0.47718358039855957
0.08360948413610458,0.06900447607040405,-0.5079373717308044
-0.026188945397734642,0.11117762327194214,-0.47694432735443115
0.10623474419116974,0.047484271228313446,-0.46248680353164673
-0.014150428585708141,0.10538732260465622,-0.44802379608154297
0.0,0.0,-0.4086243510246277
0.0,0.0,-0.4213603138923645
0.0,0.0,-0.34508779644966125
0.0,0.0,-0.3872604966163635
0.0,0.0,-0.30436477065086365
0.0,0.0,-0.33805158734321594
0.0,0.0,-0.2506024241447449
0.0,0.0,-0.2942948341369629
0.0,0.0,-0.21655096113681793
0.0,0.0,-0.24100913107395172
0.0,0.0,-0.17508484423160553
0.0,0.0,-0.19156908988952637
0.0,0.0,-0.13312596082687378
0.0,0.0,-0.1601538360118866
0.0,0.0,-0.07966120541095734
0.0,0.0,0.07480058819055557
0.0,0.0,0.1507997363805771
0.0,0.0,0.11859153211116791
0.0,0.0,0.1863701194524765
0.0,0.0,0.1462034285068512
0.0,0.0,0.19015295803546906
0.0,0.0,0.17299848794937134
0.0,0.0,0.21465860307216644
0.0,0.0,0.20371481776237488
0.0,0.0,0.2332911342382431
0.0,0.0,0.2215631902217865
0.0,0.0,0.25025802850723267
0.0,0.0,0.2222316712141037
0.0,0.0,0.21370349824428558
0.0,0.0,0.1966482400894165
0.0,0.0,0.1535756140947342
0.0,0.0,0.15222108364105225
0.0,0.0,0.09108522534370422
0.0,0.0,0.08669345825910568
0.0,0.0,0.02987779676914215
0.0,0.0,0.06935877352952957
0.0,0.0,0.06796719878911972
0.0,0.0,0.0967492014169693
0.0,0.0,0.07729856669902802
0.0,0.0,0.08992348611354828
0.0,0.0,0.0019384706392884254
0.0,0.0,0.008809616789221764
0.0,0.0,0.0005763730150647461
0.0,0.0,0.01009776908904314
0.0,0.0,-0.0020964653231203556
0.0,0.0,0.0060425084084272385
0.0,0.0,-0.001108743017539382
0.0,0.0,0.005566039122641087
0.0,0.0,-0.006126187276095152
