Cosstrack_Error,Angular_Error,x,y,theta,x_desired,y_desired,theta_desired
4802,0.12254521995782852,0.0,0.0,0.0
1.1536487249439138,-0.12409291416406631,-0.5436703227460384,1.0175106686074287,0.12409291416406631,0.0,0.0,0.0
1.1536487249439138,-0.12521597743034363,-0.5436703227460384,1.0175106686074287,0.12521597743034363,0.0,0.0,0.0
1.1536487249439138,-0.12659046053886414,-0.5436703227460384,1.0175106686074287,0.12659046053886414,0.0,0.0,0.0
1.1536487249439138,-0.12700966000556946,-0.5436703227460384,1.0175106686074287,0.12700966000556946,0.0,0.0,0.0
1.1536487249439138,-0.1290053427219391,-0.5436703227460384,1.0175106686074287,0.1290053427219391,0.0,0.0,0.0
1.1913802784661134,-0.13198557496070862,-0.5648430390283465,1.0489705950021744,0.13198557496070862,0.0,0.0,0.0
1.1913802784661134,-0.1342020332813263,-0.5648430390283465,1.0489705950021744,0.1342020332813263,0.0,0.0,0.0
1.1913802784661134,-0.13556131720542908,-0.5648430390283465,1.0489705950021744,0.13556131720542908,0.0,0.0,0.0
1.1913802784661134,-0.13685527443885803,-0.5648430390283465,1.0489705950021744,0.13685527443885803,0.0,0.0,0.0
1.1913802784661134,-0.13814279437065125,-0.5648430390283465,1.0489705950021744,0.13814279437065125,0.0,0.0,0.0
1.2291234990621562,-0.1394917070865631,-0.5860157543793321,1.08043052139692,0.1394917070865631,0.0,0.0,0.0
1.2291234990621562,-0.14027246832847595,-0.5860157543793321,1.08043052139692,0.14027246832847595,0.0,0.0,0.0
1.2291234990621562,-0.1410525143146515,-0.5860157543793321,1.08043052139692,0.1410525143146515,0.0,0.0,0.0
1.2291234990621562,-0.14174368977546692,-0.5860157543793321,1.08043052139692,0.14174368977546692,0.0,0.0,0.0
1.2291234990621562,-0.14200344681739807,-0.5860157543793321,1.08043052139692,0.14200344681739807,0.0,0.0,0.0
1.273493766947025,-0.14242234826087952,-0.6069261487573385,1.119565551634878,0.14242234826087952,0.0,0.0,0.0
1.273493766947025,-0.14351949095726013,-0.6069261487573385,1.119565551634878,0.14351949095726013,0.0,0.0,0.0
1.273493766947025,-0.14365234971046448,-0.6069261487573385,1.119565551634878,0.14365234971046448,0.0,0.0,0.0
1.273493766947025,-0.14277967810630798,-0.6069261487573385,1.119565551634878,0.14277967810630798,0.0,0.0,0.0
1.273493766947025,-0.1412135660648346,-0.6069261487573385,1.119565551634878,0.1412135660648346,0.0,0.0,0.0
1.3056261338438875,-0.13969025015830994,-0.616987862624228,1.150645722518675,0.13969025015830994,0.0,0.0,0.0
1.3056261338438875,-0.1378321349620819,-0.616987862624228,1.150645722518675,0.1378321349620819,0.0,0.0,0.0
1.3056261338438875,-0.13706240057945251,-0.616987862624228,1.150645722518675,0.13706240057945251,0.0,0.0,0.0
1.3056261338438875,-0.13595417141914368,-0.616987862624228,1.150645722518675,0.13595417141914368,0.0,0.0,0.0
1.3056261338438875,-0.1348685920238495,-0.616987862624228,1.150645722518675,0.1348685920238495,0.0,0.0,0.0
1.3311331529576025,-0.13414475321769714,-0.627311896532774,1.1740507890935987,0.13414475321769714,0.0,0.0,0.0
1.3311331529576025,-0.13253870606422424,-0.627311896532774,1.1740507890935987,0.13253870606422424,0.0,0.0,0.0
1.3311331529576025,-0.13089856505393982,-0.627311896532774,1.1740507890935987,0.13089856505393982,0.0,0.0,0.0
1.3311331529576025,-0.12866732478141785,-0.627311896532774,1.1740507890935987,0.12866732478141785,0.0,0.0,0.0
1.3311331529576025,-0.1256774365901947,-0.627311896532774,1.1740507890935987,0.1256774365901947,0.0,0.0,0.0
1.3499971938712183,-0.12332645803689957,-0.6378982542082667,1.1897807532222942,0.12332645803689957,0.0,0.0,0.0
1.3499971938712183,-0.12038735300302505,-0.6378982542082667,1.1897807532222942,0.12038735300302505,0.0,0.0,0.0
1.3499971938712183,-0.11759749799966812,-0.6378982542082667,1.1897807532222942,0.11759749799966812,0.0,0.0,0.0
1.3499971938712183,-0.11655864864587784,-0.6378982542082667,1.1897807532222942,0.11655864864587784,0.0,0.0,0.0
1.3499971938712183,-0.1150987520813942,-0.6378982542082667,1.1897807532222942,0.1150987520813942,0.0,0.0,0.0
1.3566429558883686,-0.11350993067026138,-0.6376359313726425,1.1974558567162603,0.11350993067026138,0.0,0.0,0.0
1.3566429558883686,-0.11175117641687393,-0.6376359313726425,1.1974558567162603,0.11175117641687393,0.0,0.0,0.0
1.3566429558883686,-0.1099800243973732,-0.6376359313726425,1.1974558567162603,0.1099800243973732,0.0,0.0,0.0
1.3566429558883686,-0.10917756706476212,-0.6376359313726425,1.1974558567162603,0.10917756706476212,0.0,0.0,0.0
1.3566429558883686,-0.10867897421121597,-0.6376359313726425,1.1974558567162603,0.10867897421121597,0.0,0.0,0.0
1.3632995802799177,-0.10805252939462662,-0.6373736085370183,1.2051309591624886,0.10805252939462662,0.0,0.0,0.0
1.3632995802799177,-0.10734865814447403,-0.6373736085370183,1.2051309591624886,0.10734865814447403,0.0,0.0,0.0
1.3632995802799177,-0.1068187728524208,-0.6373736085370183,1.2051309591624886,0.1068187728524208,0.0,0.0,0.0
1.3632995802799177,-0.1063602939248085,-0.6373736085370183,1.2051309591624886,0.1063602939248085,0.0,0.0,0.0
1.3632995802799177,-0.10593751817941666,-0.6373736085370183,1.2051309591624886,0.10593751817941666,0.0,0.0,0.0
1.3632995802799177,-0.10635737329721451,-0.6373736085370183,1.2051309591624886,0.10635737329721451,0.0,0.0,0.0
1.3632995802799177,-0.10575637966394424,-0.6373736085370183,1.2051309591624886,0.10575637966394424,0.0,0.0,0.0
1.3632995802799177,-0.10659543424844742,-0.6373736085370183,1.2051309591624886,0.10659543424844742,0.0,0.0,0.0
1.3632995802799177,-0.10653261095285416,-0.6373736085370183,1.2051309591624886,0.10653261095285416,0.0,0.0,0.0
1.3632995802799177,-0.10692337900400162,-0.6373736085370183,1.2051309591624886,0.10692337900400162,0.0,0.0,0.0
1.3644976746220143,-0.10644219070672989,-0.6260002823546529,1.2124263072619215,0.10644219070672989,0.0,0.0,0.0
1.3644976746220143,-0.10653720051050186,-0.6260002823546529,1.2124263072619215,0.10653720051050186,0.0,0.0,0.0
1.3644976746220143,-0.10654792934656143,-0.6260002823546529,1.2124263072619215,0.10654792934656143,0.0,0.0,0.0
1.3644976746220143,-0.10657087713479996,-0.6260002823546529,1.2124263072619215,0.10657087713479996,0.0,0.0,0.0
1.3644976746220143,-0.10655061155557632,-0.6260002823546529,1.2124263072619215,0.10655061155557632,0.0,0.0,0.0
1.3644976746220143,-0.10659614950418472,-0.6260002823546529,1.2124263072619215,0.10659614950418472,0.0,0.0,0.0
1.3644976746220143,-0.1057715192437172,-0.6260002823546529,1.2124263072619215,0.1057715192437172,0.0,0.0,0.0
1.3644976746220143,-0.10532651096582413,-0.6260002823546529,1.2124263072619215,0.10532651096582413,0.0,0.0,0.0
1.3644976746220143,-0.1043422594666481,-0.6260002823546529,1.2124263072619215,0.1043422594666481,0.0,0.0,0.0
1.3644976746220143,-0.10403875261545181,-0.6260002823546529,1.2124263072619215,0.10403875261545181,0.0,0.0,0.0
1.35909737312958,-0.10412923246622086,-0.6148892808705568,1.212046551052481,0.10412923246622086,0.0,0.0,0.0
1.35909737312958,-0.1030035987496376,-0.6148892808705568,1.212046551052481,0.1030035987496376,0.0,0.0,0.0
1.35909737312958,-0.102796770632267,-0.6148892808705568,1.212046551052481,0.102796770632267,0.0,0.0,0.0
1.35909737312958,-0.10281208902597427,-0.6148892808705568,1.212046551052481,0.10281208902597427,0.0,0.0,0.0
1.35909737312958,-0.10346094518899918,-0.6148892808705568,1.212046551052481,0.10346094518899918,0.0,0.0,0.0
1.3523764553530064,-0.10361699014902115,-0.615151603706181,1.2043714466271922,0.10361699014902115,0.0,0.0,0.0
1.3523764553530064,-0.10392258316278458,-0.615151603706181,1.2043714466271922,0.10392258316278458,0.0,0.0,0.0
1.3523764553530064,-0.10413501411676407,-0.615151603706181,1.2043714466271922,0.10413501411676407,0.0,0.0,0.0
1.3523764553530064,-0.10508248955011368,-0.615151603706181,1.2043714466271922,0.10508248955011368,0.0,0.0,0.0
1.3523764553530064,-0.10516760498285294,-0.615151603706181,1.2043714466271922,0.10516760498285294,0.0,0.0,0.0
1.3402818358042174,-0.10640118271112442,-0.6043029213324189,1.1963165879715234,0.10640118271112442,0.0,0.0,0.0
1.3402818358042174,-0.10681907087564468,-0.6043029213324189,1.1963165879715234,0.10681907087564468,0.0,0.0,0.0
1.3402818358042174,-0.10734520107507706,-0.6043029213324189,1.1963165879715234,0.10734520107507706,0.0,0.0,0.0
1.3402818358042174,-0.10782072693109512,-0.6043029213324189,1.1963165879715234,0.10782072693109512,0.0,0.0,0.0
1.3402818358042174,-0.10915593057870865,-0.6043029213324189,1.1963165879715234,0.10915593057870865,0.0,0.0,0.0
1.3335545407207672,-0.11059514433145523,-0.6045652441680431,1.1886414844775572,0.11059514433145523,0.0,0.0,0.0
1.3335545407207672,-0.1119367852807045,-0.6045652441680431,1.1886414844775572,0.1119367852807045,0.0,0.0,0.0
1.3335545407207672,-0.11334577947854996,-0.6045652441680431,1.1886414844775572,0.11334577947854996,0.0,0.0,0.0
1.3335545407207672,-0.1142709031701088,-0.6045652441680431,1.1886414844775572,0.1142709031701088,0.0,0.0,0.0
1.3335545407207672,-0.11573825031518936,-0.6045652441680431,1.1886414844775572,0.11573825031518936,0.0,0.0,0.0
1.3201311278455314,-0.11709938198328018,-0.6050898898392916,1.1732912766747177,0.11709938198328018,0.0,0.0,0.0
1.3201311278455314,-0.1183691993355751,-0.6050898898392916,1.1732912766747177,0.1183691993355751,0.0,0.0,0.0
1.3201311278455314,-0.12044332176446915,-0.6050898898392916,1.1732912766747177,0.12044332176446915,0.0,0.0,0.0
1.3201311278455314,-0.12195108085870743,-0.6050898898392916,1.1732912766747177,0.12195108085870743,0.0,0.0,0.0
1.3201311278455314,-0.12345150858163834,-0.6050898898392916,1.1732912766747177,0.12345150858163834,0.0,0.0,0.0
1.3122718949415213,-0.12556079030036926,-0.6167255388572812,1.1583208260126412,0.12556079030036926,0.0,0.0,0.0
1.3122718949415213,-0.12645885348320007,-0.6167255388572812,1.1583208260126412,0.12645885348320007,0.0,0.0,0.0
1.3122718949415213,-0.12826815247535706,-0.6167255388572812,1.1583208260126412,0.12826815247535706,0.0,0.0,0.0
1.3122718949415213,-0.12962517142295837,-0.6167255388572812,1.1583208260126412,0.12962517142295837,0.0,0.0,0.0
1.3122718949415213,-0.13118842244148254,-0.6167255388572812,1.1583208260126412,0.13118842244148254,0.0,0.0,0.0
1.310359986058865,-0.13240018486976624,-0.6394721902906895,1.1437301302794367,0.13240018486976624,0.0,0.0,0.0
1.310359986058865,-0.13319918513298035,-0.6394721902906895,1.1437301302794367,0.13319918513298035,0.0,0.0,0.0
1.310359986058865,-0.1335943043231964,-0.6394721902906895,1.1437301302794367,0.1335943043231964,0.0,0.0,0.0
1.310359986058865,-0.13376066088676453,-0.6394721902906895,1.1437301302794367,0.13376066088676453,0.0,0.0,0.0
1.310359986058865,-0.13389858603477478,-0.6394721902906895,1.1437301302794367,0.13389858603477478,0.0,0.0,0.0
1.3030885733712527,-0.13265785574913025,-0.651107837446034,1.128759679500945,0.13265785574913025,0.0,0.0,0.0
1.3030885733712527,-0.13228610157966614,-0.651107837446034,1.128759679500945,0.13228610157966614,0.0,0.0,0.0
1.3030885733712527,-0.13095399737358093,-0.651107837446034,1.128759679500945,0.13095399737358093,0.0,0.0,0.0
1.3030885733712527,-0.1303282082080841,-0.651107837446034,1.128759679500945,0.1303282082080841,0.0,0.0,0.0
1.3030885733712527,-0.12872055172920227,-0.651107837446034,1.128759679500945,0.12872055172920227,0.0,0.0,0.0
1.3149854314460483,-0.12700453400611877,-0.6733298450708389,1.1295191918034106,0.12700453400611877,0.0,0.0,0.0
1.3149854314460483,-0.12467620521783829,-0.6733298450708389,1.1295191918034106,0.12467620521783829,0.0,0.0,0.0
1.3149854314460483,-0.12293020635843277,-0.6733298450708389,1.1295191918034106,0.12293020635843277,0.0,0.0,0.0
1.3149854314460483,-0.1214173212647438,-0.6733298450708389,1.1295191918034106,0.1214173212647438,0.0,0.0,0.0
1.3149854314460483,-0.12025169283151627,-0.6733298450708389,1.1295191918034106,0.12025169283151627,0.0,0.0,0.0
1.3210340291473113,-0.11849532276391983,-0.6844408474862576,1.1298989478964359,0.11849532276391983,0.0,0.0,0.0
1.3210340291473113,-0.1174345389008522,-0.6844408474862576,1.1298989478964359,0.1174345389008522,0.0,0.0,0.0
1.3210340291473113,-0.11550322920084,-0.6844408474862576,1.1298989478964359,0.11550322920084,0.0,0.0,0.0
1.3210340291473113,-0.11306235939264297,-0.6844408474862576,1.1298989478964359,0.11306235939264297,0.0,0.0,0.0
1.3210340291473113,-0.11057708412408829,-0.6844408474862576,1.1298989478964359,0.11057708412408829,0.0,0.0,0.0
1.346093249406671,-0.10730723291635513,-0.7061382094398141,1.146008667186834,0.10730723291635513,0.0,0.0,0.0
1.346093249406671,-0.104871965944767,-0.7061382094398141,1.146008667186834,0.104871965944767,0.0,0.0,0.0
1.346093249406671,-0.10163191705942154,-0.7061382094398141,1.146008667186834,0.10163191705942154,0.0,0.0,0.0
1.346093249406671,-0.09863362461328506,-0.7061382094398141,1.146008667186834,0.09863362461328506,0.0,0.0,0.0
1.346093249406671,-0.09412495046854019,-0.7061382094398141,1.146008667186834,0.09412495046854019,0.0,0.0,0.0
1.371227102226224,-0.08802769333124161,-0.7278355713933706,1.1621183876413852,0.08802769333124161,0.0,0.0,0.0
1.371227102226224,-0.08353326469659805,-0.7278355713933706,1.1621183876413852,0.08353326469659805,0.0,0.0,0.0
1.371227102226224,-0.07906375080347061,-0.7278355713933706,1.1621183876413852,0.07906375080347061,0.0,0.0,0.0
1.371227102226224,-0.07524589449167252,-0.7278355713933706,1.1621183876413852,0.07524589449167252,0.0,0.0,0.0
1.371227102226224,-0.06988082081079483,-0.7278355713933706,1.1621183876413852,0.06988082081079483,0.0,0.0,0.0
1.3838207429741136,-0.06503865867853165,-0.7386842491105199,1.170173247344792,0.06503865867853165,0.0,0.0,0.0
1.3838207429741136,-0.05828211456537247,-0.7386842491105199,1.170173247344792,0.05828211456537247,0.0,0.0,0.0
1.3838207429741136,-0.05239061266183853,-0.7386842491105199,1.170173247344792,0.05239061266183853,0.0,0.0,0.0
1.3838207429741136,-0.04646340757608414,-0.7386842491105199,1.170173247344792,0.04646340757608414,0.0,0.0,0.0
1.3838207429741136,-0.04046610742807388,-0.7386842491105199,1.170173247344792,0.04046610742807388,0.0,0.0,0.0
1.4027732782010993,-0.03471670299768448,-0.7492706086486578,1.18590321065858,0.03471670299768448,0.0,0.0,0.0
1.4027732782010993,-0.026614462956786156,-0.7492706086486578,1.18590321065858,0.026614462956786156,0.0,0.0,0.0
1.4027732782010993,-0.020212924107909203,-0.7492706086486578,1.18590321065858,0.020212924107909203,0.0,0.0,0.0
1.4027732782010993,-0.013495421037077904,-0.7492706086486578,1.18590321065858,0.013495421037077904,0.0,0.0,0.0
1.4027732782010993,-0.007313287351280451,-0.7492706086486578,1.18590321065858,0.007313287351280451,0.0,0.0,0.0
1.4154964830613213,-0.0005888104205951095,-0.7487459629774094,1.201253418927081,0.0005888104205951095,0.0,0.0,0.0
1.4154964830613213,0.0072608827613294125,-0.7487459629774094,1.201253418927081,-0.0072608827613294125,0.0,0.0,0.0
1.4154964830613213,0.013743842020630836,-0.7487459629774094,1.201253418927081,-0.013743842020630836,0.0,0.0,0.0
1.4154964830613213,0.0222491268068552,-0.7487459629774094,1.201253418927081,-0.0222491268068552,0.0,0.0,0.0
1.4154964830613213,0.028604352846741676,-0.7487459629774094,1.201253418927081,-0.028604352846741676,0.0,0.0,0.0
1.4344455814431922,0.03498431295156479,-0.7593323206529021,1.2169833823572844,-0.03498431295156479,0.0,0.0,0.0
1.4344455814431922,0.040636561810970306,-0.7593323206529021,1.2169833823572844,-0.040636561810970306,0.0,0.0,0.0
1.4344455814431922,0.046320490539073944,-0.7593323206529021,1.2169833823572844,-0.046320490539073944,0.0,0.0,0.0
1.4344455814431922,0.04925160855054855,-0.7593323206529021,1.2169833823572844,-0.04925160855054855,0.0,0.0,0.0
1.4344455814431922,0.05246733874082565,-0.7593323206529021,1.2169833823572844,-0.05246733874082565,0.0,0.0,0.0
1.4600369894412055,0.05508973449468613,-0.7582830283790827,1.2476837978465483,-0.05508973449468613,0.0,0.0,0.0
1.4600369894412055,0.05670701712369919,-0.7582830283790827,1.2476837978465483,-0.05670701712369919,0.0,0.0,0.0
1.4600369894412055,0.05762287229299545,-0.7582830283790827,1.2476837978465483,-0.05762287229299545,0.0,0.0,0.0
1.4600369894412055,0.058196477591991425,-0.7582830283790827,1.2476837978465483,-0.058196477591991425,0.0,0.0,0.0
1.4600369894412055,0.05757220834493637,-0.7582830283790827,1.2476837978465483,-0.05757220834493637,0.0,0.0,0.0
1.4918414557951054,0.05653005093336105,-0.7683447413146496,1.2787639687303454,-0.05653005093336105,0.0,0.0,0.0
1.4918414557951054,0.05444490164518356,-0.7683447413146496,1.2787639687303454,-0.05444490164518356,0.0,0.0,0.0
1.4918414557951054,0.05281119793653488,-0.7683447413146496,1.2787639687303454,-0.05281119793653488,0.0,0.0,0.0
1.4918414557951054,0.051446013152599335,-0.7683447413146496,1.2787639687303454,-0.051446013152599335,0.0,0.0,0.0
1.4918414557951054,0.048310182988643646,-0.7683447413146496,1.2787639687303454,-0.048310182988643646,0.0,0.0,0.0
1.5301520334214862,0.04583444446325302,-0.7781441295519471,1.3175192442722619,-0.04583444446325302,0.0,0.0,0.0
1.5301520334214862,0.040142886340618134,-0.7781441295519471,1.3175192442722619,-0.040142886340618134,0.0,0.0,0.0
1.5301520334214862,0.03748973459005356,-0.7781441295519471,1.3175192442722619,-0.03748973459005356,0.0,0.0,0.0
1.5301520334214862,0.033221207559108734,-0.7781441295519471,1.3175192442722619,-0.033221207559108734,0.0,0.0,0.0
1.5301520334214862,0.029281223192811012,-0.7781441295519471,1.3175192442722619,-0.029281223192811012,0.0,0.0,0.0
1.5680090010604584,0.024664485827088356,-0.7993168449029326,1.3489791728788987,-0.024664485827088356,0.0,0.0,0.0
1.5680090010604584,0.017729604616761208,-0.7993168449029326,1.3489791728788987,-0.017729604616761208,0.0,0.0,0.0
1.5680090010604584,0.014085674658417702,-0.7993168449029326,1.3489791728788987,-0.014085674658417702,0.0,0.0,0.0
1.5680090010604584,0.009289050474762917,-0.7993168449029326,1.3489791728788987,-0.009289050474762917,0.0,0.0,0.0
1.5680090010604584,0.004423642065376043,-0.7993168449029326,1.3489791728788987,-0.004423642065376043,0.0,0.0,0.0
1.605868995438419,-0.002630090806633234,-0.8204895593225956,1.3804391017183661,0.002630090806633234,0.0,0.0,0.0
1.605868995438419,-0.008856451138854027,-0.8204895593225956,1.3804391017183661,0.008856451138854027,0.0,0.0,0.0
1.605868995438419,-0.015163039788603783,-0.8204895593225956,1.3804391017183661,0.015163039788603783,0.0,0.0,0.0
1.605868995438419,-0.018440281972289085,-0.8204895593225956,1.3804391017183661,0.018440281972289085,0.0,0.0,0.0
1.605868995438419,-0.024606382474303246,-0.8204895593225956,1.3804391017183661,0.024606382474303246,0.0,0.0,0.0
1.6308364170683567,-0.032016731798648834,-0.8421869203448296,1.3965488213580102,0.032016731798648834,0.0,0.0,0.0
1.6308364170683567,-0.039833344519138336,-0.8421869203448296,1.3965488213580102,0.039833344519138336,0.0,0.0,0.0
1.6308364170683567,-0.045179642736911774,-0.8421869203448296,1.3965488213580102,0.045179642736911774,0.0,0.0,0.0
1.6308364170683567,-0.05024019628763199,-0.8421869203448296,1.3965488213580102,0.05024019628763199,0.0,0.0,0.0
1.6308364170683567,-0.05618152767419815,-0.8421869203448296,1.3965488213580102,0.05618152767419815,0.0,0.0,0.0
1.6366847248704173,-0.06669382005929947,-0.8646712498739362,1.3896332315634936,0.06669382005929947,0.0,0.0,0.0
1.6366847248704173,-0.07462171465158463,-0.8646712498739362,1.3896332315634936,0.07462171465158463,0.0,0.0,0.0
1.6366847248704173,-0.08192238956689835,-0.8646712498739362,1.3896332315634936,0.08192238956689835,0.0,0.0,0.0
1.6366847248704173,-0.08756444603204727,-0.8646712498739362,1.3896332315634936,0.08756444603204727,0.0,0.0,0.0
1.6366847248704173,-0.09554819017648697,-0.8646712498739362,1.3896332315634936,0.09554819017648697,0.0,0.0,0.0
1.6302182483975316,-0.10573402792215347,-0.8763068979606032,1.374662779737264,0.10573402792215347,0.0,0.0,0.0
1.6302182483975316,-0.11762217432260513,-0.8763068979606032,1.374662779737264,0.11762217432260513,0.0,0.0,0.0
1.6302182483975316,-0.12580540776252747,-0.8763068979606032,1.374662779737264,0.12580540776252747,0.0,0.0,0.0
1.6302182483975316,-0.1341715157032013,-0.8763068979606032,1.374662779737264,0.1341715157032013,0.0,0.0,0.0
1.6302182483975316,-0.14326515793800354,-0.8763068979606032,1.374662779737264,0.14326515793800354,0.0,0.0,0.0
1.6239474119774777,-0.1527983844280243,-0.8879425479099154,1.3596923286095262,0.1527983844280243,0.0,0.0,0.0
1.6239474119774777,-0.16310706734657288,-0.8879425479099154,1.3596923286095262,0.16310706734657288,0.0,0.0,0.0
1.6239474119774777,-0.17473718523979187,-0.8879425479099154,1.3596923286095262,0.17473718523979187,0.0,0.0,0.0
1.6239474119774777,-0.18372437357902527,-0.8879425479099154,1.3596923286095262,0.18372437357902527,0.0,0.0,0.0
1.6239474119774777,-0.1911572515964508,-0.8879425479099154,1.3596923286095262,0.1911572515964508,0.0,0.0,0.0
1.6306078620293194,-0.20085391402244568,-0.9104268765076995,1.3527767377672717,0.20085391402244568,0.0,0.0,0.0
1.6306078620293194,-0.21121475100517273,-0.9104268765076995,1.3527767377672717,0.21121475100517273,0.0,0.0,0.0
1.6306078620293194,-0.21879878640174866,-0.9104268765076995,1.3527767377672717,0.21879878640174866,0.0,0.0,0.0
1.6306078620293194,-0.22798028588294983,-0.9104268765076995,1.3527767377672717,0.22798028588294983,0.0,0.0,0.0
1.6306078620293194,-0.2348984181880951,-0.9104268765076995,1.3527767377672717,0.2348984181880951,0.0,0.0,0.0
1.6561116295131195,-0.2429353892803192,-0.9321242356672883,1.3688864593859762,0.2429353892803192,0.0,0.0,0.0
1.6561116295131195,-0.25037673115730286,-0.9321242356672883,1.3688864593859762,0.25037673115730286,0.0,0.0,0.0
1.6561116295131195,-0.25653907656669617,-0.9321242356672883,1.3688864593859762,0.25653907656669617,0.0,0.0,0.0
1.6561116295131195,-0.26231011748313904,-0.9321242356672883,1.3688864593859762,0.26231011748313904,0.0,0.0,0.0
1.6561116295131195,-0.26998189091682434,-0.9321242356672883,1.3688864593859762,0.26998189091682434,0.0,0.0,0.0
1.668881456611112,-0.2765444219112396,-0.9429729161784053,1.3769413188565522,0.2765444219112396,0.0,0.0,0.0
1.668881456611112,-0.2826828062534332,-0.9429729161784053,1.3769413188565522,0.2826828062534332,0.0,0.0,0.0
1.668881456611112,-0.2883528769016266,-0.9429729161784053,1.3769413188565522,0.2883528769016266,0.0,0.0,0.0
1.668881456611112,-0.2932809889316559,-0.9429729161784053,1.3769413188565522,0.2932809889316559,0.0,0.0,0.0
1.668881456611112,-0.2977292239665985,-0.9429729161784053,1.3769413188565522,0.2977292239665985,0.0,0.0,0.0
1.6878414013832157,-0.30324694514274597,-0.9535592747852206,1.392671284149401,0.30324694514274597,0.0,0.0,0.0
1.6878414013832157,-0.30719801783561707,-0.9535592747852206,1.392671284149401,0.30719801783561707,0.0,0.0,0.0
1.6878414013832157,-0.31024041771888733,-0.9535592747852206,1.392671284149401,0.31024041771888733,0.0,0.0,0.0
1.6878414013832157,-0.3129357397556305,-0.9535592747852206,1.392671284149401,0.3129357397556305,0.0,0.0,0.0
1.6878414013832157,-0.31501999497413635,-0.9535592747852206,1.392671284149401,0.31501999497413635,0.0,0.0,0.0
1.7006223665644749,-0.31717708706855774,-0.9644079552963376,1.400726143619977,0.31717708706855774,0.0,0.0,0.0
1.7006223665644749,-0.3192848861217499,-0.9644079552963376,1.400726143619977,0.3192848861217499,0.0,0.0,0.0
1.7006223665644749,-0.32062777876853943,-0.9644079552963376,1.400726143619977,0.32062777876853943,0.0,0.0,0.0
1.7006223665644749,-0.321942538022995,-0.9644079552963376,1.400726143619977,0.321942538022995,0.0,0.0,0.0
1.7006223665644749,-0.3219367563724518,-0.9644079552963376,1.400726143619977,0.3219367563724518,0.0,0.0,0.0
1.694455648698985,-0.32241949439048767,-0.9646702772006392,1.393051040591672,0.32241949439048767,0.0,0.0,0.0
1.694455648698985,-0.32275715470314026,-0.9646702772006392,1.393051040591672,0.32275715470314026,0.0,0.0,0.0
1.694455648698985,-0.32323768734931946,-0.9646702772006392,1.393051040591672,0.32323768734931946,0.0,0.0,0.0
1.694455648698985,-0.3232947289943695,-0.9646702772006392,1.393051040591672,0.3232947289943695,0.0,0.0,0.0
1.694455648698985,-0.32347455620765686,-0.9646702772006392,1.393051040591672,0.32347455620765686,0.0,0.0,0.0
1.6949867124612001,-0.32368263602256775,-0.9760436024516821,1.3857556933071464,0.32368263602256775,0.0,0.0,0.0
1.6949867124612001,-0.3240908086299896,-0.9760436024516821,1.3857556933071464,0.3240908086299896,0.0,0.0,0.0
1.6949867124612001,-0.32432809472084045,-0.9760436024516821,1.3857556933071464,0.32432809472084045,0.0,0.0,0.0
1.6949867124612001,-0.3254447281360626,-0.9760436024516821,1.3857556933071464,0.3254447281360626,0.0,0.0,0.0
1.6949867124612001,-0.32631435990333557,-0.9760436024516821,1.3857556933071464,0.32631435990333557,0.0,0.0,0.0
1.6895450521729893,-0.3275439441204071,-0.9876792514696717,1.370785241946578,0.3275439441204071,0.0,0.0,0.0
1.6895450521729893,-0.3281744420528412,-0.9876792514696717,1.370785241946578,0.3281744420528412,0.0,0.0,0.0
1.6895450521729893,-0.3291604220867157,-0.9876792514696717,1.370785241946578,0.3291604220867157,0.0,0.0,0.0
1.6895450521729893,-0.3300967514514923,-0.9876792514696717,1.370785241946578,0.3300967514514923,0.0,0.0,0.0
1.6895450521729893,-0.3310905992984772,-0.9876792514696717,1.370785241946578,0.3310905992984772,0.0,0.0,0.0
1.684299265583292,-0.33171626925468445,-0.9993149014189839,1.355814789654687,0.33171626925468445,0.0,0.0,0.0
1.684299265583292,-0.33201685547828674,-0.9993149014189839,1.355814789654687,0.33201685547828674,0.0,0.0,0.0
1.684299265583292,-0.33226945996284485,-0.9993149014189839,1.355814789654687,0.33226945996284485,0.0,0.0,0.0
1.684299265583292,-0.3323751986026764,-0.9993149014189839,1.355814789654687,0.3323751986026764,0.0,0.0,0.0
1.684299265583292,-0.33251211047172546,-0.9993149014189839,1.355814789654687,0.33251211047172546,0.0,0.0,0.0
1.6653562590923372,-0.33247628808021545,-0.9887285437434912,1.3400848243618384,0.33247628808021545,0.0,0.0,0.0
1.6653562590923372,-0.33288899064064026,-0.9887285437434912,1.3400848243618384,0.33288899064064026,0.0,0.0,0.0
1.6653562590923372,-0.33107075095176697,-0.9887285437434912,1.3400848243618384,0.33107075095176697,0.0,0.0,0.0
1.6653562590923372,-0.3281179368495941,-0.9887285437434912,1.3400848243618384,0.3281179368495941,0.0,0.0,0.0
1.6653562590923372,-0.3254852592945099,-0.9887285437434912,1.3400848243618384,0.3254852592945099,0.0,0.0,0.0
1.6464136575237343,-0.3220278322696686,-0.9781421860679984,1.3243548601167277,0.3220278322696686,0.0,0.0,0.0
1.6464136575237343,-0.31680676341056824,-0.9781421860679984,1.3243548601167277,0.31680676341056824,0.0,0.0,0.0
1.6464136575237343,-0.31087157130241394,-0.9781421860679984,1.3243548601167277,0.31087157130241394,0.0,0.0,0.0
1.6464136575237343,-0.30462750792503357,-0.9781421860679984,1.3243548601167277,0.30462750792503357,0.0,0.0,0.0
1.6464136575237343,-0.29853710532188416,-0.9781421860679984,1.3243548601167277,0.29853710532188416,0.0,0.0,0.0
1.6205838611763004,-0.2915569245815277,-0.9564448278397322,1.3082451384980232,0.2915569245815277,0.0,0.0,0.0
1.6205838611763004,-0.2838047444820404,-0.9564448278397322,1.3082451384980232,0.2838047444820404,0.0,0.0,0.0
1.6205838611763004,-0.27306970953941345,-0.9564448278397322,1.3082451384980232,0.27306970953941345,0.0,0.0,0.0
1.6205838611763004,-0.2642231285572052,-0.9564448278397322,1.3082451384980232,0.2642231285572052,0.0,0.0,0.0
1.6205838611763004,-0.2546935975551605,-0.9564448278397322,1.3082451384980232,0.2546935975551605,0.0,0.0,0.0
1.61374344122393,-0.24414190649986267,-0.9453338226303458,1.3078653821721673,0.24414190649986267,0.0,0.0,0.0
1.61374344122393,-0.23346123099327087,-0.9453338226303458,1.3078653821721673,0.23346123099327087,0.0,0.0,0.0
1.61374344122393,-0.2231369912624359,-0.9453338226303458,1.3078653821721673,0.2231369912624359,0.0,0.0,0.0
1.61374344122393,-0.20831087231636047,-0.9453338226303458,1.3078653821721673,0.20831087231636047,0.0,0.0,0.0
1.61374344122393,-0.19585922360420227,-0.9453338226303458,1.3078653821721673,0.19585922360420227,0.0,0.0,0.0
1.6063312848453943,-0.18316897749900818,-0.9228494931012392,1.3147809740621597,0.18316897749900818,0.0,0.0,0.0
1.6063312848453943,-0.16994056105613708,-0.9228494931012392,1.3147809740621597,0.16994056105613708,0.0,0.0,0.0
1.6063312848453943,-0.1556163728237152,-0.9228494931012392,1.3147809740621597,0.1556163728237152,0.0,0.0,0.0
1.6063312848453943,-0.1419321596622467,-0.9228494931012392,1.3147809740621597,0.1419321596622467,0.0,0.0,0.0
1.6063312848453943,-0.12319669872522354,-0.9228494931012392,1.3147809740621597,0.12319669872522354,0.0,0.0,0.0
1.5989140052938218,-0.10858962684869766,-0.8889918392524123,1.3289919134695083,0.10858962684869766,0.0,0.0,0.0
1.5989140052938218,-0.09301922470331192,-0.8889918392524123,1.3289919134695083,0.09301922470331192,0.0,0.0,0.0
1.5989140052938218,-0.07696370035409927,-0.8889918392524123,1.3289919134695083,0.07696370035409927,0.0,0.0,0.0
1.5989140052938218,-0.06197724491357803,-0.8889918392524123,1.3289919134695083,0.06197724491357803,0.0,0.0,0.0
1.5989140052938218,-0.04645345360040665,-0.8889918392524123,1.3289919134695083,0.04645345360040665,0.0,0.0,0.0
1.6049372962056072,-0.02702382765710354,-0.8659828640520573,1.3512577118817717,0.02702382765710354,0.0,0.0,0.0
1.6049372962056072,-0.011850392445921898,-0.8659828640520573,1.3512577118817717,0.011850392445921898,0.0,0.0,0.0
1.6049372962056072,0.0036460398696362972,-0.8659828640520573,1.3512577118817717,-0.0036460398696362972,0.0,0.0,0.0
1.6049372962056072,0.01778593100607395,-0.8659828640520573,1.3512577118817717,-0.01778593100607395,0.0,0.0,0.0
1.6049372962056072,0.031041348353028297,-0.8659828640520573,1.3512577118817717,-0.031041348353028297,0.0,0.0,0.0
1.6118995673445355,0.04402413219213486,-0.8316005626693368,1.3808188582770526,-0.04402413219213486,0.0,0.0,0.0
1.6118995673445355,0.05993484705686569,-0.8316005626693368,1.3808188582770526,-0.05993484705686569,0.0,0.0,0.0
1.6118995673445355,0.07239492982625961,-0.8316005626693368,1.3808188582770526,-0.07239492982625961,0.0,0.0,0.0
1.6118995673445355,0.08451535552740097,-0.8316005626693368,1.3808188582770526,-0.08451535552740097,0.0,0.0,0.0
1.6118995673445355,0.09487070888280869,-0.8316005626693368,1.3808188582770526,-0.09487070888280869,0.0,0.0,0.0
1.632461223908083,0.10342531651258469,-0.8080669417977333,1.418434864608571,-0.10342531651258469,0.0,0.0,0.0
1.632461223908083,0.11079799383878708,-0.8080669417977333,1.418434864608571,-0.11079799383878708,0.0,0.0,0.0
1.632461223908083,0.11861928552389145,-0.8080669417977333,1.418434864608571,-0.11861928552389145,0.0,0.0,0.0
1.632461223908083,0.123115174472332,-0.8080669417977333,1.418434864608571,-0.123115174472332,0.0,0.0,0.0
1.632461223908083,0.12412118166685104,-0.8080669417977333,1.418434864608571,-0.12412118166685104,0.0,0.0,0.0
1.6605946888659988,0.12605836987495422,-0.7842709962278605,1.4637259733863175,-0.12605836987495422,0.0,0.0,0.0
1.6605946888659988,0.12434767931699753,-0.7842709962278605,1.4637259733863175,-0.12434767931699753,0.0,0.0,0.0
1.6605946888659988,0.12149166315793991,-0.7842709962278605,1.4637259733863175,-0.12149166315793991,0.0,0.0,0.0
1.6605946888659988,0.11587172001600266,-0.7842709962278605,1.4637259733863175,-0.11587172001600266,0.0,0.0,0.0
1.6605946888659988,0.10924001783132553,-0.7842709962278605,1.4637259733863175,-0.10924001783132553,0.0,0.0,0.0
1.695176646412094,0.09917952865362167,-0.7715860549360514,1.5093968405853957,-0.09917952865362167,0.0,0.0,0.0
1.695176646412094,0.08631565421819687,-0.7715860549360514,1.5093968405853957,-0.08631565421819687,0.0,0.0,0.0
1.695176646412094,0.07076617330312729,-0.7715860549360514,1.5093968405853957,-0.07076617330312729,0.0,0.0,0.0
1.695176646412094,0.053835056722164154,-0.7715860549360514,1.5093968405853957,-0.053835056722164154,0.0,0.0,0.0
1.695176646412094,0.030756080523133278,-0.7715860549360514,1.5093968405853957,-0.030756080523133278,0.0,0.0,0.0
1.7423739276351042,0.008226657286286354,-0.7697497932240367,1.5631225670222193,-0.008226657286286354,0.0,0.0,0.0
1.7423739276351042,-0.015460645779967308,-0.7697497932240367,1.5631225670222193,0.015460645779967308,0.0,0.0,0.0
1.7423739276351042,-0.03825221210718155,-0.7697497932240367,1.5631225670222193,0.03825221210718155,0.0,0.0,0.0
1.7423739276351042,-0.061459459364414215,-0.7697497932240367,1.5631225670222193,0.061459459364414215,0.0,0.0,0.0
1.7423739276351042,-0.08310190588235855,-0.7697497932240367,1.5631225670222193,0.08310190588235855,0.0,0.0,0.0
1.7967650496670597,-0.10924259573221207,-0.7676512068137527,1.624523397302255,0.10924259573221207,0.0,0.0,0.0
1.7967650496670597,-0.1287166178226471,-0.7676512068137527,1.624523397302255,0.1287166178226471,0.0,0.0,0.0
1.7967650496670597,-0.14698275923728943,-0.7676512068137527,1.624523397302255,0.14698275923728943,0.0,0.0,0.0
1.7967650496670597,-0.16453424096107483,-0.7676512068137527,1.624523397302255,0.16453424096107483,0.0,0.0,0.0
1.7967650496670597,-0.18139168620109558,-0.7676512068137527,1.624523397302255,0.18139168620109558,0.0,0.0,0.0
1.858480007243102,-0.19757893681526184,-0.7652902975678444,1.6935993321239948,0.19757893681526184,0.0,0.0,0.0
1.858480007243102,-0.21711263060569763,-0.7652902975678444,1.6935993321239948,0.21711263060569763,0.0,0.0,0.0
1.858480007243102,-0.23101529479026794,-0.7652902975678444,1.6935993321239948,0.23101529479026794,0.0,0.0,0.0
1.858480007243102,-0.2429502308368683,-0.7652902975678444,1.6935993321239948,0.2429502308368683,0.0,0.0,0.0
1.858480007243102,-0.25190606713294983,-0.7652902975678444,1.6935993321239948,0.25190606713294983,0.0,0.0,0.0
1.8973444918375901,-0.26115623116493225,-0.7412320291623473,1.7465655440464616,0.26115623116493225,0.0,0.0,0.0
1.8973444918375901,-0.2691728174686432,-0.7412320291623473,1.7465655440464616,0.2691728174686432,0.0,0.0,0.0
1.8973444918375901,-0.2774159610271454,-0.7412320291623473,1.7465655440464616,0.2774159610271454,0.0,0.0,0.0
1.8973444918375901,-0.28361693024635315,-0.7412320291623473,1.7465655440464616,0.28361693024635315,0.0,0.0,0.0
1.8973444918375901,-0.2897404134273529,-0.7412320291623473,1.7465655440464616,0.2897404134273529,0.0,0.0,0.0
1.9301463136808827,-0.2948298752307892,-0.7174360807985067,1.7918566522421315,0.2948298752307892,0.0,0.0,0.0
1.9301463136808827,-0.29886534810066223,-0.7174360807985067,1.7918566522421315,0.29886534810066223,0.0,0.0,0.0
1.9301463136808827,-0.30098965764045715,-0.7174360807985067,1.7918566522421315,0.30098965764045715,0.0,0.0,0.0
1.9301463136808827,-0.3001978099346161,-0.7174360807985067,1.7918566522421315,0.3001978099346161,0.0,0.0,0.0
1.9301463136808827,-0.299756795167923,-0.7174360807985067,1.7918566522421315,0.299756795167923,0.0,0.0,0.0
1.935418665614258,-0.29989156126976013,-0.6946894284337759,1.806447344715707,0.29989156126976013,0.0,0.0,0.0
1.935418665614258,-0.298003226518631,-0.6946894284337759,1.806447344715707,0.298003226518631,0.0,0.0,0.0
1.935418665614258,-0.29595276713371277,-0.6946894284337759,1.806447344715707,0.29595276713371277,0.0,0.0,0.0
1.935418665614258,-0.29257139563560486,-0.6946894284337759,1.806447344715707,0.29257139563560486,0.0,0.0,0.0
1.935418665614258,-0.28864648938179016,-0.6946894284337759,1.806447344715707,0.28864648938179016,0.0,0.0,0.0
1.9283515015880117,-0.28617867827415466,-0.6949517522007227,1.7987722412217408,0.28617867827415466,0.0,0.0,0.0
1.9283515015880117,-0.28346511721611023,-0.6949517522007227,1.7987722412217408,0.28346511721611023,0.0,0.0,0.0
1.9283515015880117,-0.2802632749080658,-0.6949517522007227,1.7987722412217408,0.2802632749080658,0.0,0.0,0.0
1.9283515015880117,-0.2756789028644562,-0.6949517522007227,1.7987722412217408,0.2756789028644562,0.0,0.0,0.0
1.9283515015880117,-0.27095600962638855,-0.6949517522007227,1.7987722412217408,0.27095600962638855,0.0,0.0,0.0
1.8975542993706078,-0.26684048771858215,-0.7073743734508753,1.7607764806598425,0.26684048771858215,0.0,0.0,0.0
1.8975542993706078,-0.2637101709842682,-0.7073743734508753,1.7607764806598425,0.2637101709842682,0.0,0.0,0.0
1.8975542993706078,-0.2603197991847992,-0.7073743734508753,1.7607764806598425,0.2603197991847992,0.0,0.0,0.0
1.8975542993706078,-0.2552711069583893,-0.7073743734508753,1.7607764806598425,0.2552711069583893,0.0,0.0,0.0
1.8975542993706078,-0.2521302402019501,-0.7073743734508753,1.7607764806598425,0.2521302402019501,0.0,0.0,0.0
1.8601270614846808,-0.24847939610481262,-0.7200593147426844,1.7151056142756715,0.24847939610481262,0.0,0.0,0.0
1.8601270614846808,-0.24374166131019592,-0.7200593147426844,1.7151056142756715,0.24374166131019592,0.0,0.0,0.0
1.8601270614846808,-0.23934337496757507,-0.7200593147426844,1.7151056142756715,0.23934337496757507,0.0,0.0,0.0
1.8601270614846808,-0.23405471444129944,-0.7200593147426844,1.7151056142756715,0.23405471444129944,0.0,0.0,0.0
1.8601270614846808,-0.22938475012779236,-0.7200593147426844,1.7151056142756715,0.22938475012779236,0.0,0.0,0.0
1.8093310803827256,-0.22489330172538757,-0.7332689054310322,1.6540845416020602,0.22489330172538757,0.0,0.0,0.0
1.8093310803827256,-0.21909496188163757,-0.7332689054310322,1.6540845416020602,0.21909496188163757,0.0,0.0,0.0
1.8093310803827256,-0.21338412165641785,-0.7332689054310322,1.6540845416020602,0.21338412165641785,0.0,0.0,0.0
1.8093310803827256,-0.20718041062355042,-0.7332689054310322,1.6540845416020602,0.20718041062355042,0.0,0.0,0.0
1.8093310803827256,-0.20013204216957092,-0.7332689054310322,1.6540845416020602,0.20013204216957092,0.0,0.0,0.0
1.7661264256441638,-0.19319412112236023,-0.7462161714211106,1.6007385723059997,0.19319412112236023,0.0,0.0,0.0
1.7661264256441638,-0.1866314709186554,-0.7462161714211106,1.6007385723059997,0.1866314709186554,0.0,0.0,0.0
1.7661264256441638,-0.17925730347633362,-0.7462161714211106,1.6007385723059997,0.17925730347633362,0.0,0.0,0.0
1.7661264256441638,-0.17154791951179504,-0.7462161714211106,1.6007385723059997,0.17154791951179504,0.0,0.0,0.0
1.7661264256441638,-0.16453734040260315,-0.7462161714211106,1.6007385723059997,0.16453734040260315,0.0,0.0,0.0
1.7251796042099057,-0.15708103775978088,-0.7477901102975011,1.5546879486646503,0.15708103775978088,0.0,0.0,0.0
1.7251796042099057,-0.1503518521785736,-0.7477901102975011,1.5546879486646503,0.1503518521785736,0.0,0.0,0.0
1.7251796042099057,-0.1431858241558075,-0.7477901102975011,1.5546879486646503,0.1431858241558075,0.0,0.0,0.0
1.7251796042099057,-0.1346348226070404,-0.7477901102975011,1.5546879486646503,0.1346348226070404,0.0,0.0,0.0
1.7251796042099057,-0.1272633969783783,-0.7477901102975011,1.5546879486646503,0.1272633969783783,0.0,0.0,0.0
1.6928153624928874,-0.11921069771051407,-0.7377284001559019,1.523607777315192,0.11921069771051407,0.0,0.0,0.0
1.6928153624928874,-0.11071530729532242,-0.7377284001559019,1.523607777315192,0.11071530729532242,0.0,0.0,0.0
1.6928153624928874,-0.10388413816690445,-0.7377284001559019,1.523607777315192,0.10388413816690445,0.0,0.0,0.0
1.6928153624928874,-0.09772596508264542,-0.7377284001559019,1.523607777315192,0.09772596508264542,0.0,0.0,0.0
1.6928153624928874,-0.09052006155252457,-0.7377284001559019,1.523607777315192,0.09052006155252457,0.0,0.0,0.0
1.6740463105284011,-0.08411309868097305,-0.7271420424804091,1.5078778133029118,0.08411309868097305,0.0,0.0,0.0
1.6740463105284011,-0.07758096605539322,-0.7271420424804091,1.5078778133029118,0.07758096605539322,0.0,0.0,0.0
1.6740463105284011,-0.07155869156122208,-0.7271420424804091,1.5078778133029118,0.07155869156122208,0.0,0.0,0.0
1.6740463105284011,-0.06486544758081436,-0.7271420424804091,1.5078778133029118,0.06486544758081436,0.0,0.0,0.0
1.6740463105284011,-0.05659071356058121,-0.7271420424804091,1.5078778133029118,0.05659071356058121,0.0,0.0,0.0
1.650158852740778,-0.046539343893527985,-0.7054446823894978,1.4917680916842073,0.046539343893527985,0.0,0.0,0.0
1.650158852740778,-0.03939173370599747,-0.7054446823894978,1.4917680916842073,0.03939173370599747,0.0,0.0,0.0
1.650158852740778,-0.03215876966714859,-0.7054446823894978,1.4917680916842073,0.03215876966714859,0.0,0.0,0.0
1.650158852740778,-0.023173725232481956,-0.7054446823894978,1.4917680916842073,0.023173725232481956,0.0,0.0,0.0
1.650158852740778,-0.014184748753905296,-0.7054446823894978,1.4917680916842073,0.014184748753905296,0.0,0.0,0.0
1.6145131303352873,-0.004886305425316095,-0.672898642718792,1.467603510711342,0.004886305425316095,0.0,0.0,0.0
1.6145131303352873,0.0061756013892591,-0.672898642718792,1.467603510711342,-0.0061756013892591,0.0,0.0,0.0
1.6145131303352873,0.015456641092896461,-0.672898642718792,1.467603510711342,-0.015456641092896461,0.0,0.0,0.0
1.6145131303352873,0.02451958693563938,-0.672898642718792,1.467603510711342,-0.02451958693563938,0.0,0.0,0.0
1.6145131303352873,0.03407894819974899,-0.672898642718792,1.467603510711342,-0.03407894819974899,0.0,0.0,0.0
1.581216263910784,0.0430440828204155,-0.6289792768657207,1.4507342770230025,-0.0430440828204155,0.0,0.0,0.0
1.581216263910784,0.0523848757147789,-0.6289792768657207,1.4507342770230025,-0.0523848757147789,0.0,0.0,0.0
1.581216263910784,0.0624324306845665,-0.6289792768657207,1.4507342770230025,-0.0624324306845665,0.0,0.0,0.0
1.581216263910784,0.0717083141207695,-0.6289792768657207,1.4507342770230025,-0.0717083141207695,0.0,0.0,0.0
1.581216263910784,0.0773681029677391,-0.6289792768657207,1.4507342770230025,-0.0773681029677391,0.0,0.0,0.0
1.5462320978976676,0.08247735351324081,-0.5964332353323698,1.426569695584476,-0.08247735351324081,0.0,0.0,0.0
1.5462320978976676,0.08885814994573593,-0.5964332353323698,1.426569695584476,-0.08885814994573593,0.0,0.0,0.0
1.5462320978976676,0.09226291626691818,-0.5964332353323698,1.426569695584476,-0.09226291626691818,0.0,0.0,0.0
1.5462320978976676,0.09446104615926743,-0.5964332353323698,1.426569695584476,-0.09446104615926743,0.0,0.0,0.0
1.5462320978976676,0.09511100500822067,-0.5964332353323698,1.426569695584476,-0.09511100500822067,0.0,0.0,0.0
1.518551685343311,0.09696712344884872,-0.5636248728260398,1.4100802189204842,-0.09696712344884872,0.0,0.0,0.0
1.518551685343311,0.09711959213018417,-0.5636248728260398,1.4100802189204842,-0.09711959213018417,0.0,0.0,0.0
1.518551685343311,0.09571533650159836,-0.5636248728260398,1.4100802189204842,-0.09571533650159836,0.0,0.0,0.0
1.518551685343311,0.0932723805308342,-0.5636248728260398,1.4100802189204842,-0.0932723805308342,0.0,0.0,0.0
1.518551685343311,0.09033020585775375,-0.5636248728260398,1.4100802189204842,-0.09033020585775375,0.0,0.0,0.0
1.500021410733416,0.08663167804479599,-0.5530385160818696,1.3943502545589581,-0.08663167804479599,0.0,0.0,0.0
1.500021410733416,0.08343573659658432,-0.5530385160818696,1.3943502545589581,-0.08343573659658432,0.0,0.0,0.0
1.500021410733416,0.07800077646970749,-0.5530385160818696,1.3943502545589581,-0.07800077646970749,0.0,0.0,0.0
1.500021410733416,0.07328139990568161,-0.5530385160818696,1.3943502545589581,-0.07328139990568161,0.0,0.0,0.0
1.500021410733416,0.06704326719045639,-0.5530385160818696,1.3943502545589581,-0.06704326719045639,0.0,0.0,0.0
1.4815020254024862,0.06384851783514023,-0.5424521584063768,1.3786202911287546,-0.06384851783514023,0.0,0.0,0.0
1.4815020254024862,0.05952133983373642,-0.5424521584063768,1.3786202911287546,-0.05952133983373642,0.0,0.0,0.0
1.4815020254024862,0.05518760532140732,-0.5424521584063768,1.3786202911287546,-0.05518760532140732,0.0,0.0,0.0
1.4815020254024862,0.05065517872571945,-0.5424521584063768,1.3786202911287546,-0.05065517872571945,0.0,0.0,0.0
1.4815020254024862,0.04575856775045395,-0.5424521584063768,1.3786202911287546,-0.04575856775045395,0.0,0.0,0.0
1.4674226151671488,0.040867678821086884,-0.5429768050089478,1.3632700835587457,-0.040867678821086884,0.0,0.0,0.0
1.4674226151671488,0.03704678267240524,-0.5429768050089478,1.3632700835587457,-0.03704678267240524,0.0,0.0,0.0
1.4674226151671488,0.03255682438611984,-0.5429768050089478,1.3632700835587457,-0.03255682438611984,0.0,0.0,0.0
1.4674226151671488,0.02506735362112522,-0.5429768050089478,1.3632700835587457,-0.02506735362112522,0.0,0.0,0.0
1.4674226151671488,0.019493604078888893,-0.5429768050089478,1.3632700835587457,-0.019493604078888893,0.0,0.0,0.0
1.4649134978290559,0.013199055567383766,-0.5543501302599907,1.355974737671204,-0.013199055567383766,0.0,0.0,0.0
1.4649134978290559,0.006961131002753973,-0.5543501302599907,1.355974737671204,-0.006961131002753973,0.0,0.0,0.0
1.4649134978290559,0.00012358426465652883,-0.5543501302599907,1.355974737671204,-0.00012358426465652883,0.0,0.0,0.0
1.4649134978290559,-0.007058477494865656,-0.5543501302599907,1.355974737671204,0.007058477494865656,0.0,0.0,0.0
1.4649134978290559,-0.015110468491911888,-0.5543501302599907,1.355974737671204,0.015110468491911888,0.0,0.0,0.0
1.469504613003114,-0.023009097203612328,-0.5654611336067319,1.3563544942298904,0.023009097203612328,0.0,0.0,0.0
1.469504613003114,-0.029723918065428734,-0.5654611336067319,1.3563544942298904,0.029723918065428734,0.0,0.0,0.0
1.469504613003114,-0.03766534477472305,-0.5654611336067319,1.3563544942298904,0.03766534477472305,0.0,0.0,0.0
1.469504613003114,-0.04700884968042374,-0.5654611336067319,1.3563544942298904,0.04700884968042374,0.0,0.0,0.0
1.469504613003114,-0.055757977068424225,-0.5654611336067319,1.3563544942298904,0.055757977068424225,0.0,0.0,0.0
1.4741652739717135,-0.06802848726511002,-0.5765721360221505,1.3567342506721616,0.06802848726511002,0.0,0.0,0.0
1.4741652739717135,-0.07742051035165787,-0.5765721360221505,1.3567342506721616,0.07742051035165787,0.0,0.0,0.0
1.4741652739717135,-0.08664713054895401,-0.5765721360221505,1.3567342506721616,0.08664713054895401,0.0,0.0,0.0
1.4741652739717135,-0.09669188410043716,-0.5765721360221505,1.3567342506721616,0.09669188410043716,0.0,0.0,0.0
1.4741652739717135,-0.1060134544968605,-0.5765721360221505,1.3567342506721616,0.1060134544968605,0.0,0.0,0.0
1.4927870294832268,-0.11539105325937271,-0.5871584936976433,1.3724642139859498,0.11539105325937271,0.0,0.0,0.0
1.4927870294832268,-0.12881746888160706,-0.5871584936976433,1.3724642139859498,0.12881746888160706,0.0,0.0,0.0
1.4927870294832268,-0.13811948895454407,-0.5871584936976433,1.3724642139859498,0.13811948895454407,0.0,0.0,0.0
1.4927870294832268,-0.1487279236316681,-0.5871584936976433,1.3724642139859498,0.1487279236316681,0.0,0.0,0.0
1.4927870294832268,-0.15848097205162048,-0.5871584936976433,1.3724642139859498,0.15848097205162048,0.0,0.0,0.0
1.5044751557235987,-0.1693558394908905,-0.5980071742087603,1.3805190740386024,0.1693558394908905,0.0,0.0,0.0
1.5044751557235987,-0.17912474274635315,-0.5980071742087603,1.3805190740386024,0.17912474274635315,0.0,0.0,0.0
1.5044751557235987,-0.19182410836219788,-0.5980071742087603,1.3805190740386024,0.19182410836219788,0.0,0.0,0.0
1.5044751557235987,-0.2005397379398346,-0.5980071742087603,1.3805190740386024,0.2005397379398346,0.0,0.0,0.0
1.5044751557235987,-0.21047762036323547,-0.5980071742087603,1.3805190740386024,0.21047762036323547,0.0,0.0,0.0
1.5210362441865684,-0.2203458845615387,-0.6199668571352959,1.388953689718619,0.2203458845615387,0.0,0.0,0.0
1.5210362441865684,-0.22966346144676208,-0.6199668571352959,1.388953689718619,0.22966346144676208,0.0,0.0,0.0
1.5210362441865684,-0.23912593722343445,-0.6199668571352959,1.388953689718619,0.23912593722343445,0.0,0.0,0.0
1.5210362441865684,-0.2508677542209625,-0.6199668571352959,1.388953689718619,0.2508677542209625,0.0,0.0,0.0
1.5210362441865684,-0.2593149244785309,-0.6199668571352959,1.388953689718619,0.2593149244785309,0.0,0.0,0.0
1.519068861943255,-0.2676742970943451,-0.6313401842489839,1.3816583438310772,0.2676742970943451,0.0,0.0,0.0
1.519068861943255,-0.2755106985569,-0.6313401842489839,1.3816583438310772,0.2755106985569,0.0,0.0,0.0
1.519068861943255,-0.28301212191581726,-0.6313401842489839,1.3816583438310772,0.28301212191581726,0.0,0.0,0.0
1.519068861943255,-0.29066768288612366,-0.6313401842489839,1.3816583438310772,0.29066768288612366,0.0,0.0,0.0
1.519068861943255,-0.2981491982936859,-0.6313401842489839,1.3816583438310772,0.2981491982936859,0.0,0.0,0.0
1.5154878901914461,-0.3036448061466217,-0.6540868356823921,1.36706764891278,0.3036448061466217,0.0,0.0,0.0
1.5154878901914461,-0.3100816309452057,-0.6540868356823921,1.36706764891278,0.3100816309452057,0.0,0.0,0.0
1.5154878901914461,-0.31372132897377014,-0.6540868356823921,1.36706764891278,0.31372132897377014,0.0,0.0,0.0
1.5154878901914461,-0.31725218892097473,-0.6540868356823921,1.36706764891278,0.31725218892097473,0.0,0.0,0.0
1.5154878901914461,-0.3204343020915985,-0.6540868356823921,1.36706764891278,0.3204343020915985,0.0,0.0,0.0
1.5042983085077946,-0.3219490945339203,-0.68846913613379,1.3375065044965595,0.3219490945339203,0.0,0.0,0.0
1.5042983085077946,-0.3234083950519562,-0.68846913613379,1.3375065044965595,0.3234083950519562,0.0,0.0,0.0
1.5042983085077946,-0.32408514618873596,-0.68846913613379,1.3375065044965595,0.32408514618873596,0.0,0.0,0.0
1.5042983085077946,-0.32378771901130676,-0.68846913613379,1.3375065044965595,0.32378771901130676,0.0,0.0,0.0
1.5042983085077946,-0.321778804063797,-0.68846913613379,1.3375065044965595,0.321778804063797,0.0,0.0,0.0
1.4887250416016449,-0.32034727931022644,-0.7117404341697693,1.3075656021246687,0.32034727931022644,0.0,0.0,0.0
1.4887250416016449,-0.31704744696617126,-0.7117404341697693,1.3075656021246687,0.31704744696617126,0.0,0.0,0.0
1.4887250416016449,-0.31428053975105286,-0.7117404341697693,1.3075656021246687,0.31428053975105286,0.0,0.0,0.0
1.4887250416016449,-0.3104195296764374,-0.7117404341697693,1.3075656021246687,0.3104195296764374,0.0,0.0,0.0
1.4887250416016449,-0.30741265416145325,-0.7117404341697693,1.3075656021246687,0.30741265416145325,0.0,0.0,0.0
1.4739630649588438,-0.3054964244365692,-0.7350117303431034,1.2776246996363625,0.3054964244365692,0.0,0.0,0.0
1.4739630649588438,-0.30337318778038025,-0.7350117303431034,1.2776246996363625,0.30337318778038025,0.0,0.0,0.0
1.4739630649588438,-0.30061087012290955,-0.7350117303431034,1.2776246996363625,0.30061087012290955,0.0,0.0,0.0
1.4739630649588438,-0.2970564663410187,-0.7350117303431034,1.2776246996363625,0.2970564663410187,0.0,0.0,0.0
1.4739630649588438,-0.29259124398231506,-0.7350117303431034,1.2776246996363625,0.29259124398231506,0.0,0.0,0.0
1.4475282410208368,-0.28899452090263367,-0.7474343497306108,1.2396289369789883,0.28899452090263367,0.0,0.0,0.0
1.4475282410208368,-0.28489169478416443,-0.7474343497306108,1.2396289369789883,0.28489169478416443,0.0,0.0,0.0
1.4475282410208368,-0.2819935381412506,-0.7474343497306108,1.2396289369789883,0.2819935381412506,0.0,0.0,0.0
1.4475282410208368,-0.2798748314380646,-0.7474343497306108,1.2396289369789883,0.2798748314380646,0.0,0.0,0.0
1.4475282410208368,-0.2776499092578888,-0.7474343497306108,1.2396289369789883,0.2776499092578888,0.0,0.0,0.0
1.4280793156526324,-0.27476659417152405,-0.7595946425572038,1.2093082778155804,0.27476659417152405,0.0,0.0,0.0
1.4280793156526324,-0.27211055159568787,-0.7595946425572038,1.2093082778155804,0.27211055159568787,0.0,0.0,0.0
1.4280793156526324,-0.26883384585380554,-0.7595946425572038,1.2093082778155804,0.26883384585380554,0.0,0.0,0.0
1.4280793156526324,-0.2656365931034088,-0.7595946425572038,1.2093082778155804,0.2656365931034088,0.0,0.0,0.0
1.4280793156526324,-0.2608392536640167,-0.7595946425572038,1.2093082778155804,0.2608392536640167,0.0,0.0,0.0
1.40905907325619,-0.25585123896598816,-0.7603816110640764,1.1862829668680206,0.25585123896598816,0.0,0.0,0.0
1.40905907325619,-0.2500987946987152,-0.7603816110640764,1.1862829668680206,0.2500987946987152,0.0,0.0,0.0
1.40905907325619,-0.24492058157920837,-0.7603816110640764,1.1862829668680206,0.24492058157920837,0.0,0.0,0.0
1.40905907325619,-0.24112239480018616,-0.7603816110640764,1.1862829668680206,0.24112239480018616,0.0,0.0,0.0
1.40905907325619,-0.2355901300907135,-0.7603816110640764,1.1862829668680206,0.2355901300907135,0.0,0.0,0.0
1.390160415413855,-0.22956064343452454,-0.7611685795709491,1.1632576559204608,0.22956064343452454,0.0,0.0,0.0
1.390160415413855,-0.22288700938224792,-0.7611685795709491,1.1632576559204608,0.22288700938224792,0.0,0.0,0.0
1.390160415413855,-0.21501019597053528,-0.7611685795709491,1.1632576559204608,0.21501019597053528,0.0,0.0,0.0
1.390160415413855,-0.20905140042304993,-0.7611685795709491,1.1632576559204608,0.20905140042304993,0.0,0.0,0.0
1.390160415413855,-0.20276126265525818,-0.7611685795709491,1.1632576559204608,0.20276126265525818,0.0,0.0,0.0
1.3838887430693065,-0.1955031454563141,-0.7614309014752507,1.1555825524264947,0.1955031454563141,0.0,0.0,0.0
1.3838887430693065,-0.18771186470985413,-0.7614309014752507,1.1555825524264947,0.18771186470985413,0.0,0.0,0.0
1.3838887430693065,-0.18027707934379578,-0.7614309014752507,1.1555825524264947,0.18027707934379578,0.0,0.0,0.0
1.3838887430693065,-0.17134585976600647,-0.7614309014752507,1.1555825524264947,0.17134585976600647,0.0,0.0,0.0
1.3838887430693065,-0.16296079754829407,-0.7614309014752507,1.1555825524264947,0.16296079754829407,0.0,0.0,0.0
1.38378877645006,-0.1535433828830719,-0.7500575762242079,1.162877899943851,0.1535433828830719,0.0,0.0,0.0
1.38378877645006,-0.14412406086921692,-0.7500575762242079,1.162877899943851,0.14412406086921692,0.0,0.0,0.0
1.38378877645006,-0.1359245479106903,-0.7500575762242079,1.162877899943851,0.1359245479106903,0.0,0.0,0.0
1.38378877645006,-0.12784835696220398,-0.7500575762242079,1.162877899943851,0.12784835696220398,0.0,0.0,0.0
1.38378877645006,-0.11650589853525162,-0.7500575762242079,1.162877899943851,0.11650589853525162,0.0,0.0,0.0
1.3838207429741136,-0.10801032930612564,-0.7386842491105199,1.170173247344792,0.10801032930612564,0.0,0.0,0.0
1.3838207429741136,-0.09895769506692886,-0.7386842491105199,1.170173247344792,0.09895769506692886,0.0,0.0,0.0
1.3838207429741136,-0.0913253203034401,-0.7386842491105199,1.170173247344792,0.0913253203034401,0.0,0.0,0.0
1.3838207429741136,-0.08268020302057266,-0.7386842491105199,1.170173247344792,0.08268020302057266,0.0,0.0,0.0
1.3838207429741136,-0.0743614211678505,-0.7386842491105199,1.170173247344792,0.0743614211678505,0.0,0.0,0.0
1.3967945427909276,-0.06375644356012344,-0.7267862809821963,1.1928188028978184,0.06375644356012344,0.0,0.0,0.0
1.3967945427909276,-0.055590786039829254,-0.7267862809821963,1.1928188028978184,0.055590786039829254,0.0,0.0,0.0
1.3967945427909276,-0.04840294271707535,-0.7267862809821963,1.1928188028978184,0.04840294271707535,0.0,0.0,0.0
1.3967945427909276,-0.04189697653055191,-0.7267862809821963,1.1928188028978184,0.04189697653055191,0.0,0.0,0.0
1.3967945427909276,-0.034153081476688385,-0.7267862809821963,1.1928188028978184,0.034153081476688385,0.0,0.0,0.0
1.4231022224363283,-0.027425622567534447,-0.7143636615946889,1.2308145654387772,0.027425622567534447,0.0,0.0,0.0
1.4231022224363283,-0.01765528880059719,-0.7143636615946889,1.2308145654387772,0.01765528880059719,0.0,0.0,0.0
1.4231022224363283,-0.011970316991209984,-0.7143636615946889,1.2308145654387772,0.011970316991209984,0.0,0.0,0.0
1.4231022224363283,-0.005618250463157892,-0.7143636615946889,1.2308145654387772,0.005618250463157892,0.0,0.0,0.0
1.4231022224363283,0.0010646224254742265,-0.7143636615946889,1.2308145654387772,-0.0010646224254742265,0.0,0.0,0.0
1.456629014588397,0.007310533430427313,-0.7016787240281701,1.2764854305423796,-0.007310533430427313,0.0,0.0,0.0
1.456629014588397,0.015460515394806862,-0.7016787240281701,1.2764854305423796,-0.015460515394806862,0.0,0.0,0.0
1.456629014588397,0.020797276869416237,-0.7016787240281701,1.2764854305423796,-0.020797276869416237,0.0,0.0,0.0
1.456629014588397,0.0234506968408823,-0.7016787240281701,1.2764854305423796,-0.0234506968408823,0.0,0.0,0.0
1.456629014588397,0.026730263605713844,-0.7016787240281701,1.2764854305423796,-0.026730263605713844,0.0,0.0,0.0
1.490909020061215,0.027819449082016945,-0.6889937818050385,1.3221562973922119,-0.027819449082016945,0.0,0.0,0.0
1.490909020061215,0.02761327661573887,-0.6889937818050385,1.3221562973922119,-0.02761327661573887,0.0,0.0,0.0
1.490909020061215,0.027509743347764015,-0.6889937818050385,1.3221562973922119,-0.027509743347764015,0.0,0.0,0.0
1.490909020061215,0.026074105873703957,-0.6889937818050385,1.3221562973922119,-0.026074105873703957,0.0,0.0,0.0
1.490909020061215,0.02294459380209446,-0.6889937818050385,1.3221562973922119,-0.02294459380209446,0.0,0.0,0.0
1.5177249104387789,0.01858421601355076,-0.6879444904625416,1.3528567114844918,-0.01858421601355076,0.0,0.0,0.0
1.5177249104387789,0.012836838141083717,-0.6879444904625416,1.3528567114844918,-0.012836838141083717,0.0,0.0,0.0
1.5177249104387789,0.008800232782959938,-0.6879444904625416,1.3528567114844918,-0.008800232782959938,0.0,0.0,0.0
1.5177249104387789,0.0021252273581922054,-0.6879444904625416,1.3528567114844918,-0.0021252273581922054,0.0,0.0,0.0
1.5177249104387789,-0.002049064729362726,-0.6879444904625416,1.3528567114844918,0.002049064729362726,0.0,0.0,0.0
1.5394362336835923,-0.009010529145598412,-0.6757841967046261,1.3831773700658232,0.009010529145598412,0.0,0.0,0.0
1.5394362336835923,-0.016142165288329124,-0.6757841967046261,1.3831773700658232,0.016142165288329124,0.0,0.0,0.0
1.5394362336835923,-0.021315312013030052,-0.6757841967046261,1.3831773700658232,0.021315312013030052,0.0,0.0,0.0
1.5394362336835923,-0.025204693898558617,-0.6757841967046261,1.3831773700658232,0.025204693898558617,0.0,0.0,0.0
1.5394362336835923,-0.029449855908751488,-0.6757841967046261,1.3831773700658232,0.029449855908751488,0.0,0.0,0.0
1.5462213300281271,-0.03851637989282608,-0.6755218729376793,1.3908524726284668,0.03851637989282608,0.0,0.0,0.0
1.5462213300281271,-0.04353199154138565,-0.6755218729376793,1.3908524726284668,0.04353199154138565,0.0,0.0,0.0
1.5462213300281271,-0.04956219345331192,-0.6755218729376793,1.3908524726284668,0.04956219345331192,0.0,0.0,0.0
1.5462213300281271,-0.05541137605905533,-0.6755218729376793,1.3908524726284668,0.05541137605905533,0.0,0.0,0.0
1.5462213300281271,-0.06307945400476456,-0.6755218729376793,1.3908524726284668,0.06307945400476456,0.0,0.0,0.0
1.5530147596799837,-0.07199744135141373,-0.6752595501020551,1.3985275770537555,0.07199744135141373,0.0,0.0,0.0
1.5530147596799837,-0.0810076966881752,-0.6752595501020551,1.3985275770537555,0.0810076966881752,0.0,0.0,0.0
1.5530147596799837,-0.09000221639871597,-0.6752595501020551,1.3985275770537555,0.09000221639871597,0.0,0.0,0.0
1.5530147596799837,-0.09611866623163223,-0.6752595501020551,1.3985275770537555,0.09611866623163223,0.0,0.0,0.0
1.5530147596799837,-0.1034717932343483,-0.6752595501020551,1.3985275770537555,0.1034717932343483,0.0,0.0,0.0
1.5478729344973314,-0.11220774799585342,-0.6641485476866364,1.398147820495069,0.11220774799585342,0.0,0.0,0.0
1.5478729344973314,-0.12127254158258438,-0.6641485476866364,1.398147820495069,0.12127254158258438,0.0,0.0,0.0
1.5478729344973314,-0.12879088521003723,-0.6641485476866364,1.398147820495069,0.12879088521003723,0.0,0.0,0.0
1.5478729344973314,-0.13656792044639587,-0.6641485476866364,1.398147820495069,0.13656792044639587,0.0,0.0,0.0
1.5478729344973314,-0.14324715733528137,-0.6641485476866364,1.398147820495069,0.14324715733528137,0.0,0.0,0.0
1.5359554521513117,-0.1517842710018158,-0.6532998662441969,1.3900929593946785,0.1517842710018158,0.0,0.0,0.0
1.5359554521513117,-0.15873852372169495,-0.6532998662441969,1.3900929593946785,0.15873852372169495,0.0,0.0,0.0
1.5359554521513117,-0.1642201840877533,-0.6532998662441969,1.3900929593946785,0.1642201840877533,0.0,0.0,0.0
1.5359554521513117,-0.16899582743644714,-0.6532998662441969,1.3900929593946785,0.16899582743644714,0.0,0.0,0.0
1.5359554521513117,-0.173954576253891,-0.6532998662441969,1.3900929593946785,0.173954576253891,0.0,0.0,0.0
1.5172192663587702,-0.17810502648353577,-0.6427135095000267,1.3743629967793822,0.17810502648353577,0.0,0.0,0.0
1.5172192663587702,-0.1825844943523407,-0.6427135095000267,1.3743629967793822,0.1825844943523407,0.0,0.0,0.0
1.5172192663587702,-0.18521764874458313,-0.6427135095000267,1.3743629967793822,0.18521764874458313,0.0,0.0,0.0
1.5172192663587702,-0.18624892830848694,-0.6427135095000267,1.3743629967793822,0.18624892830848694,0.0,0.0,0.0
1.5172192663587702,-0.1874922215938568,-0.6427135095000267,1.3743629967793822,0.1874922215938568,0.0,0.0,0.0
1.5035528216199472,-0.18948838114738464,-0.6432381551712751,1.3590127899078652,0.18948838114738464,0.0,0.0,0.0
1.5035528216199472,-0.19116875529289246,-0.6432381551712751,1.3590127899078652,0.19116875529289246,0.0,0.0,0.0
1.5035528216199472,-0.19217661023139954,-0.6432381551712751,1.3590127899078652,0.19217661023139954,0.0,0.0,0.0
1.5035528216199472,-0.19273826479911804,-0.6432381551712751,1.3590127899078652,0.19273826479911804,0.0,0.0,0.0
1.5035528216199472,-0.19272366166114807,-0.6432381551712751,1.3590127899078652,0.19272366166114807,0.0,0.0,0.0
1.4779811474101088,-0.1937592327594757,-0.6329141212627292,1.335607722052373,0.1937592327594757,0.0,0.0,0.0
1.4779811474101088,-0.19456550478935242,-0.6329141212627292,1.335607722052373,0.19456550478935242,0.0,0.0,0.0
1.4779811474101088,-0.19608476758003235,-0.6329141212627292,1.335607722052373,0.19608476758003235,0.0,0.0,0.0
1.4779811474101088,-0.19534656405448914,-0.6329141212627292,1.335607722052373,0.19534656405448914,0.0,0.0,0.0
1.4779811474101088,-0.1961178481578827,-0.6329141212627292,1.335607722052373,0.1961178481578827,0.0,0.0,0.0
1.4627550328436651,-0.19649264216423035,-0.6448120921850204,1.3129621669650078,0.19649264216423035,0.0,0.0,0.0
1.4627550328436651,-0.1976923644542694,-0.6448120921850204,1.3129621669650078,0.1976923644542694,0.0,0.0,0.0
1.4627550328436651,-0.1983012855052948,-0.6448120921850204,1.3129621669650078,0.1983012855052948,0.0,0.0,0.0
1.4627550328436651,-0.19771447777748108,-0.6448120921850204,1.3129621669650078,0.19771447777748108,0.0,0.0,0.0
1.4627550328436651,-0.19811615347862244,-0.6448120921850204,1.3129621669650078,0.19811615347862244,0.0,0.0,0.0
1.4411044233956107,-0.19851002097129822,-0.6569723868742585,1.2826415095478296,0.19851002097129822,0.0,0.0,0.0
1.4411044233956107,-0.199522465467453,-0.6569723868742585,1.2826415095478296,0.199522465467453,0.0,0.0,0.0
1.4411044233956107,-0.19979986548423767,-0.6569723868742585,1.2826415095478296,0.19979986548423767,0.0,0.0,0.0
1.4411044233956107,-0.2010006606578827,-0.6569723868742585,1.2826415095478296,0.2010006606578827,0.0,0.0,0.0
1.4411044233956107,-0.20194360613822937,-0.6569723868742585,1.2826415095478296,0.20194360613822937,0.0,0.0,0.0
1.4321039015432904,-0.20222237706184387,-0.6799813620746136,1.260375710669905,0.20222237706184387,0.0,0.0,0.0
1.4321039015432904,-0.20368269085884094,-0.6799813620746136,1.260375710669905,0.20368269085884094,0.0,0.0,0.0
1.4321039015432904,-0.20482710003852844,-0.6799813620746136,1.260375710669905,0.20482710003852844,0.0,0.0,0.0
1.4321039015432904,-0.207290381193161,-0.6799813620746136,1.260375710669905,0.207290381193161,0.0,0.0,0.0
1.4321039015432904,-0.21050617098808289,-0.6799813620746136,1.260375710669905,0.21050617098808289,0.0,0.0,0.0
1.424559002077343,-0.21291550993919373,-0.6916170101612806,1.2454052600078285,0.21291550993919373,0.0,0.0,0.0
1.424559002077343,-0.21691694855690002,-0.6916170101612806,1.2454052600078285,0.21691694855690002,0.0,0.0,0.0
1.424559002077343,-0.21847310662269592,-0.6916170101612806,1.2454052600078285,0.21847310662269592,0.0,0.0,0.0
1.424559002077343,-0.22093984484672546,-0.6916170101612806,1.2454052600078285,0.22093984484672546,0.0,0.0,0.0
1.424559002077343,-0.22264882922172546,-0.6916170101612806,1.2454052600078285,0.22264882922172546,0.0,0.0,0.0
1.4231022224363283,-0.22583302855491638,-0.7143636615946889,1.2308145654387772,0.22583302855491638,0.0,0.0,0.0
1.4231022224363283,-0.22767218947410583,-0.7143636615946889,1.2308145654387772,0.22767218947410583,0.0,0.0,0.0
1.4231022224363283,-0.22908565402030945,-0.7143636615946889,1.2308145654387772,0.22908565402030945,0.0,0.0,0.0
1.4231022224363283,-0.230409175157547,-0.7143636615946889,1.2308145654387772,0.230409175157547,0.0,0.0,0.0
1.4231022224363283,-0.23031404614448547,-0.7143636615946889,1.2308145654387772,0.23031404614448547,0.0,0.0,0.0
1.4285914944813496,-0.23018500208854675,-0.7368479901924729,1.2238989735487849,0.23018500208854675,0.0,0.0,0.0
1.4285914944813496,-0.23089554905891418,-0.7368479901924729,1.2238989735487849,0.23089554905891418,0.0,0.0,0.0
1.4285914944813496,-0.23051610589027405,-0.7368479901924729,1.2238989735487849,0.23051610589027405,0.0,0.0,0.0
1.4285914944813496,-0.22946462035179138,-0.7368479901924729,1.2238989735487849,0.22946462035179138,0.0,0.0,0.0
1.4285914944813496,-0.2273212969303131,-0.7368479901924729,1.2238989735487849,0.2273212969303131,0.0,0.0,0.0
1.4472163508597127,-0.2257290780544281,-0.7588076749816537,1.2323335906257853,0.2257290780544281,0.0,0.0,0.0
1.4472163508597127,-0.22331735491752625,-0.7588076749816537,1.2323335906257853,0.22331735491752625,0.0,0.0,0.0
1.4472163508597127,-0.22050926089286804,-0.7588076749816537,1.2323335906257853,0.22050926089286804,0.0,0.0,0.0
1.4472163508597127,-0.2169136106967926,-0.7588076749816537,1.2323335906257853,0.2169136106967926,0.0,0.0,0.0
1.4472163508597127,-0.21334192156791687,-0.7588076749816537,1.2323335906257853,0.21334192156791687,0.0,0.0,0.0
1.4600369894412055,-0.20899876952171326,-0.7582830283790827,1.2476837978465483,0.20899876952171326,0.0,0.0,0.0
1.4600369894412055,-0.205195814371109,-0.7582830283790827,1.2476837978465483,0.205195814371109,0.0,0.0,0.0
1.4600369894412055,-0.20046088099479675,-0.7582830283790827,1.2476837978465483,0.20046088099479675,0.0,0.0,0.0
1.4600369894412055,-0.194509357213974,-0.7582830283790827,1.2476837978465483,0.194509357213974,0.0,0.0,0.0
1.4600369894412055,-0.1881524622440338,-0.7582830283790827,1.2476837978465483,0.1881524622440338,0.0,0.0,0.0
1.4668940192642124,-0.17989924550056458,-0.7466473812237382,1.2626542487414554,0.17989924550056458,0.0,0.0,0.0
1.4668940192642124,-0.17263522744178772,-0.7466473812237382,1.2626542487414554,0.17263522744178772,0.0,0.0,0.0
1.4668940192642124,-0.16465172171592712,-0.7466473812237382,1.2626542487414554,0.16465172171592712,0.0,0.0,0.0
1.4668940192642124,-0.15551838278770447,-0.7466473812237382,1.2626542487414554,0.15551838278770447,0.0,0.0,0.0
1.4668940192642124,-0.14694318175315857,-0.7466473812237382,1.2626542487414554,0.14694318175315857,0.0,0.0,0.0
1.4681236023588857,-0.1370008885860443,-0.7239007297903299,1.2772449433105066,0.1370008885860443,0.0,0.0,0.0
1.4681236023588857,-0.1245095506310463,-0.7239007297903299,1.2772449433105066,0.1245095506310463,0.0,0.0,0.0
1.4681236023588857,-0.11375049501657486,-0.7239007297903299,1.2772449433105066,0.11375049501657486,0.0,0.0,0.0
1.4681236023588857,-0.10227612406015396,-0.7239007297903299,1.2772449433105066,0.10227612406015396,0.0,0.0,0.0
1.4681236023588857,-0.09107742458581924,-0.7239007297903299,1.2772449433105066,0.09107742458581924,0.0,0.0,0.0
1.47647465921287,-0.08050969988107681,-0.7008917555212975,1.2995107411406934,0.08050969988107681,0.0,0.0,0.0
1.47647465921287,-0.06859932094812393,-0.7008917555212975,1.2995107411406934,0.06859932094812393,0.0,0.0,0.0
1.47647465921287,-0.057268060743808746,-0.7008917555212975,1.2995107411406934,0.057268060743808746,0.0,0.0,0.0
1.47647465921287,-0.044175781309604645,-0.7008917555212975,1.2995107411406934,0.044175781309604645,0.0,0.0,0.0
1.47647465921287,-0.028850531205534935,-0.7008917555212975,1.2995107411406934,0.028850531205534935,0.0,0.0,0.0
1.4666431656287622,-0.017607247456908226,-0.6672964226454496,1.306046576355584,0.017607247456908226,0.0,0.0,0.0
1.4666431656287622,-0.005186951253563166,-0.6672964226454496,1.306046576355584,0.005186951253563166,0.0,0.0,0.0
1.4666431656287622,0.006627106573432684,-0.6672964226454496,1.306046576355584,-0.006627106573432684,0.0,0.0,0.0
1.4666431656287622,0.017502332106232643,-0.6672964226454496,1.306046576355584,-0.017502332106232643,0.0,0.0,0.0
1.4666431656287622,0.028231972828507423,-0.6672964226454496,1.306046576355584,-0.028231972828507423,0.0,0.0,0.0
1.4559860303191572,0.04181700199842453,-0.6450744159519672,1.305287063587457,-0.04181700199842453,0.0,0.0,0.0
1.4559860303191572,0.05318620055913925,-0.6450744159519672,1.305287063587457,-0.05318620055913925,0.0,0.0,0.0
1.4559860303191572,0.06334497779607773,-0.6450744159519672,1.305287063587457,-0.06334497779607773,0.0,0.0,0.0
1.4559860303191572,0.07306983321905136,-0.6450744159519672,1.305287063587457,-0.07306983321905136,0.0,0.0,0.0
1.4559860303191572,0.08137606829404831,-0.6450744159519672,1.305287063587457,-0.08137606829404831,0.0,0.0,0.0
1.4336631405701785,0.08864947408437729,-0.6120037296786904,1.2964726898353547,-0.08864947408437729,0.0,0.0,0.0
1.4336631405701785,0.09658237546682358,-0.6120037296786904,1.2964726898353547,-0.09658237546682358,0.0,0.0,0.0
1.4336631405701785,0.10386934131383896,-0.6120037296786904,1.2964726898353547,-0.10386934131383896,0.0,0.0,0.0
1.4336631405701785,0.10724320262670517,-0.6120037296786904,1.2964726898353547,-0.10724320262670517,0.0,0.0,0.0
1.4336631405701785,0.11055352538824081,-0.6120037296786904,1.2964726898353547,-0.11055352538824081,0.0,0.0,0.0
1.411817060402366,0.11245720833539963,-0.578933042474091,1.2876583181787282,-0.11245720833539963,0.0,0.0,0.0
1.411817060402366,0.11523323506116867,-0.578933042474091,1.2876583181787282,-0.11523323506116867,0.0,0.0,0.0
1.411817060402366,0.11598958820104599,-0.578933042474091,1.2876583181787282,-0.11598958820104599,0.0,0.0,0.0
1.411817060402366,0.11477264016866684,-0.578933042474091,1.2876583181787282,-0.11477264016866684,0.0,0.0,0.0
1.411817060402366,0.11250223964452744,-0.578933042474091,1.2876583181787282,-0.11250223964452744,0.0,0.0,0.0
1.395217761409862,0.11002015322446823,-0.5569733586162329,1.279223701916635,-0.11002015322446823,0.0,0.0,0.0
1.395217761409862,0.10651382058858871,-0.5569733586162329,1.279223701916635,-0.10651382058858871,0.0,0.0,0.0
1.395217761409862,0.10094898194074631,-0.5569733586162329,1.279223701916635,-0.10094898194074631,0.0,0.0,0.0
1.395217761409862,0.09315141290426254,-0.5569733586162329,1.279223701916635,-0.09315141290426254,0.0,0.0,0.0
1.395217761409862,0.08588158339262009,-0.5569733586162329,1.279223701916635,-0.08588158339262009,0.0,0.0,0.0
1.388289393736544,0.08094879239797592,-0.5572356814518571,1.2715485976077616,-0.08094879239797592,0.0,0.0,0.0
1.388289393736544,0.07259266823530197,-0.5572356814518571,1.2715485976077616,-0.07259266823530197,0.0,0.0,0.0
1.388289393736544,0.0662328228354454,-0.5572356814518571,1.2715485976077616,-0.0662328228354454,0.0,0.0,0.0
1.388289393736544,0.060934536159038544,-0.5572356814518571,1.2715485976077616,-0.060934536159038544,0.0,0.0,0.0
1.388289393736544,0.053248994052410126,-0.5572356814518571,1.2715485976077616,-0.053248994052410126,0.0,0.0,0.0
1.388289393736544,0.048581771552562714,-0.5572356814518571,1.2715485976077616,-0.048581771552562714,0.0,0.0,0.0
1.388289393736544,0.04168959707021713,-0.5572356814518571,1.2715485976077616,-0.04168959707021713,0.0,0.0,0.0
1.388289393736544,0.03701024502515793,-0.5572356814518571,1.2715485976077616,-0.03701024502515793,0.0,0.0,0.0
1.388289393736544,0.031160378828644753,-0.5572356814518571,1.2715485976077616,-0.031160378828644753,0.0,0.0,0.0
1.388289393736544,0.025066876783967018,-0.5572356814518571,1.2715485976077616,-0.025066876783967018,0.0,0.0,0.0
1.388289393736544,0.018899941816926003,-0.5572356814518571,1.2715485976077616,-0.018899941816926003,0.0,0.0,0.0
1.388289393736544,0.01297750510275364,-0.5572356814518571,1.2715485976077616,-0.01297750510275364,0.0,0.0,0.0
1.388289393736544,0.006541514303535223,-0.5572356814518571,1.2715485976077616,-0.006541514303535223,0.0,0.0,0.0
1.388289393736544,-3.4725664590951055e-05,-0.5572356814518571,1.2715485976077616,3.4725664590951055e-05,0.0,0.0,0.0
1.388289393736544,-0.005823767278343439,-0.5572356814518571,1.2715485976077616,0.005823767278343439,0.0,0.0,0.0
1.3931330489073837,-0.011357223615050316,-0.5683466847985983,1.2719283540500328,0.011357223615050316,0.0,0.0,0.0
1.3931330489073837,-0.018264269456267357,-0.5683466847985983,1.2719283540500328,0.018264269456267357,0.0,0.0,0.0
1.3931330489073837,-0.02396104298532009,-0.5683466847985983,1.2719283540500328,0.02396104298532009,0.0,0.0,0.0
1.3931330489073837,-0.030434584245085716,-0.5683466847985983,1.2719283540500328,0.030434584245085716,0.0,0.0,0.0
1.3931330489073837,-0.036136724054813385,-0.5683466847985983,1.2719283540500328,0.036136724054813385,0.0,0.0,0.0
1.3813689706822672,-0.041653431951999664,-0.5574980033561587,1.2638734942302108,0.041653431951999664,0.0,0.0,0.0
1.3813689706822672,-0.04821590334177017,-0.5574980033561587,1.2638734942302108,0.04821590334177017,0.0,0.0,0.0
1.3813689706822672,-0.053450144827365875,-0.5574980033561587,1.2638734942302108,0.053450144827365875,0.0,0.0,0.0
1.3813689706822672,-0.05848214775323868,-0.5574980033561587,1.2638734942302108,0.05848214775323868,0.0,0.0,0.0
1.3813689706822672,-0.06370017677545547,-0.5574980033561587,1.2638734942302108,0.06370017677545547,0.0,0.0,0.0
1.376573710899006,-0.06872902065515518,-0.5463870018720627,1.263493737904355,0.06872902065515518,0.0,0.0,0.0
1.376573710899006,-0.07398668676614761,-0.5463870018720627,1.263493737904355,0.07398668676614761,0.0,0.0,0.0
1.376573710899006,-0.07921270281076431,-0.5463870018720627,1.263493737904355,0.07921270281076431,0.0,0.0,0.0
1.376573710899006,-0.0855502262711525,-0.5463870018720627,1.263493737904355,0.0855502262711525,0.0,0.0,0.0
1.376573710899006,-0.09046170860528946,-0.5463870018720627,1.263493737904355,0.09046170860528946,0.0,0.0,0.0
1.3648912299326408,-0.09598497301340103,-0.5355383204296231,1.2554388782009482,0.09598497301340103,0.0,0.0,0.0
1.3648912299326408,-0.1013750210404396,-0.5355383204296231,1.2554388782009482,0.1013750210404396,0.0,0.0,0.0
1.3648912299326408,-0.10626230388879776,-0.5355383204296231,1.2554388782009482,0.10626230388879776,0.0,0.0,0.0
1.3648912299326408,-0.11192677170038223,-0.5355383204296231,1.2554388782009482,0.11192677170038223,0.0,0.0,0.0
1.3648912299326408,-0.11847642809152603,-0.5355383204296231,1.2554388782009482,0.11847642809152603,0.0,0.0,0.0
1.3579384253658142,-0.12417969852685928,-0.5358006432652473,1.2477637748233974,0.12417969852685928,0.0,0.0,0.0
1.3579384253658142,-0.1286141574382782,-0.5358006432652473,1.2477637748233974,0.1286141574382782,0.0,0.0,0.0
1.3579384253658142,-0.13420256972312927,-0.5358006432652473,1.2477637748233974,0.13420256972312927,0.0,0.0,0.0
1.3579384253658142,-0.13883844017982483,-0.5358006432652473,1.2477637748233974,0.13883844017982483,0.0,0.0,0.0
1.3579384253658142,-0.14444014430046082,-0.5358006432652473,1.2477637748233974,0.14444014430046082,0.0,0.0,0.0
1.3557880635038266,-0.14839020371437073,-0.5471739694476128,1.2404684277717024,0.14839020371437073,0.0,0.0,0.0
1.3557880635038266,-0.15161392092704773,-0.5471739694476128,1.2404684277717024,0.15161392092704773,0.0,0.0,0.0
1.3557880635038266,-0.1554003655910492,-0.5471739694476128,1.2404684277717024,0.1554003655910492,0.0,0.0,0.0
1.3557880635038266,-0.15943500399589539,-0.5471739694476128,1.2404684277717024,0.15943500399589539,0.0,0.0,0.0
1.3557880635038266,-0.16247442364692688,-0.5471739694476128,1.2404684277717024,0.16247442364692688,0.0,0.0,0.0
1.3587358746567622,-0.16561850905418396,-0.5696582989767194,1.2335528361145407,0.16561850905418396,0.0,0.0,0.0
1.3587358746567622,-0.16992750763893127,-0.5696582989767194,1.2335528361145407,0.16992750763893127,0.0,0.0,0.0
1.3587358746567622,-0.1726534068584442,-0.5696582989767194,1.2335528361145407,0.1726534068584442,0.0,0.0,0.0
1.3587358746567622,-0.17579308152198792,-0.5696582989767194,1.2335528361145407,0.17579308152198792,0.0,0.0,0.0
1.3587358746567622,-0.17853954434394836,-0.5696582989767194,1.2335528361145407,0.17853954434394836,0.0,0.0,0.0
1.3537668291118192,-0.18085011839866638,-0.6037782756611705,1.211666794726625,0.18085011839866638,0.0,0.0,0.0
1.3537668291118192,-0.1839037835597992,-0.6037782756611705,1.211666794726625,0.1839037835597992,0.0,0.0,0.0
1.3537668291118192,-0.1869162619113922,-0.6037782756611705,1.211666794726625,0.1869162619113922,0.0,0.0,0.0
1.3537668291118192,-0.1889333426952362,-0.6037782756611705,1.211666794726625,0.1889333426952362,0.0,0.0,0.0
1.3537668291118192,-0.19086524844169617,-0.6037782756611705,1.211666794726625,0.19086524844169617,0.0,0.0,0.0
1.3456657984647178,-0.19311979413032532,-0.6154139265418053,1.196696344180964,0.19311979413032532,0.0,0.0,0.0
1.3456657984647178,-0.19443008303642273,-0.6154139265418053,1.196696344180964,0.19443008303642273,0.0,0.0,0.0
1.3456657984647178,-0.19626018404960632,-0.6154139265418053,1.196696344180964,0.19626018404960632,0.0,0.0,0.0
1.3456657984647178,-0.19743630290031433,-0.6154139265418053,1.196696344180964,0.19743630290031433,0.0,0.0,0.0
1.3456657984647178,-0.200202077627182,-0.6154139265418053,1.196696344180964,0.200202077627182,0.0,0.0,0.0
1.3499971938712183,-0.2031402885913849,-0.6378982542082667,1.1897807532222942,0.2031402885913849,0.0,0.0,0.0
1.3499971938712183,-0.20599564909934998,-0.6378982542082667,1.1897807532222942,0.20599564909934998,0.0,0.0,0.0
1.3499971938712183,-0.20830854773521423,-0.6378982542082667,1.1897807532222942,0.20830854773521423,0.0,0.0,0.0
1.3499971938712183,-0.2102225124835968,-0.6378982542082667,1.1897807532222942,0.2102225124835968,0.0,0.0,0.0
1.3499971938712183,-0.212198406457901,-0.6378982542082667,1.1897807532222942,0.212198406457901,0.0,0.0,0.0
1.3424133247613406,-0.21306243538856506,-0.6495339022949338,1.1748103013960645,0.21306243538856506,0.0,0.0,0.0
1.3424133247613406,-0.21535459160804749,-0.6495339022949338,1.1748103013960645,0.21535459160804749,0.0,0.0,0.0
1.3424133247613406,-0.21691599488258362,-0.6495339022949338,1.1748103013960645,0.21691599488258362,0.0,0.0,0.0
1.3424133247613406,-0.21833905577659607,-0.6495339022949338,1.1748103013960645,0.21833905577659607,0.0,0.0,0.0
1.3424133247613406,-0.22001203894615173,-0.6495339022949338,1.1748103013960645,0.22001203894615173,0.0,0.0,0.0
1.3539646923535527,-0.22013619542121887,-0.6717559089884162,1.1755698136985302,0.22013619542121887,0.0,0.0,0.0
1.3539646923535527,-0.22145584225654602,-0.6717559089884162,1.1755698136985302,0.22145584225654602,0.0,0.0,0.0
1.3539646923535527,-0.2208367884159088,-0.6717559089884162,1.1755698136985302,0.2208367884159088,0.0,0.0,0.0
1.3539646923535527,-0.22137919068336487,-0.6717559089884162,1.1755698136985302,0.22137919068336487,0.0,0.0,0.0
1.3539646923535527,-0.22076943516731262,-0.6717559089884162,1.1755698136985302,0.22076943516731262,0.0,0.0,0.0
1.3533406004476272,-0.21969929337501526,-0.6831292351707816,1.1682744664140046,0.21969929337501526,0.0,0.0,0.0
1.3533406004476272,-0.21908274292945862,-0.6831292351707816,1.1682744664140046,0.21908274292945862,0.0,0.0,0.0
1.3533406004476272,-0.21805980801582336,-0.6831292351707816,1.1682744664140046,0.21805980801582336,0.0,0.0,0.0
1.3533406004476272,-0.21679022908210754,-0.6831292351707816,1.1682744664140046,0.21679022908210754,0.0,0.0,0.0
1.3533406004476272,-0.2148992121219635,-0.6831292351707816,1.1682744664140046,0.2148992121219635,0.0,0.0,0.0
1.3468537045618227,-0.21208003163337708,-0.6833915570750833,1.1605993629200384,0.21208003163337708,0.0,0.0,0.0
1.3468537045618227,-0.20927348732948303,-0.6833915570750833,1.1605993629200384,0.20927348732948303,0.0,0.0,0.0
1.3468537045618227,-0.20689144730567932,-0.6833915570750833,1.1605993629200384,0.20689144730567932,0.0,0.0,0.0
1.3468537045618227,-0.20460167527198792,-0.6833915570750833,1.1605993629200384,0.20460167527198792,0.0,0.0,0.0
1.3468537045618227,-0.2015693485736847,-0.6833915570750833,1.1605993629200384,0.2015693485736847,0.0,0.0,0.0
1.3403794147517043,-0.1974324882030487,-0.6836538799107075,1.1529242594260722,0.1974324882030487,0.0,0.0,0.0
1.3403794147517043,-0.1947876513004303,-0.6836538799107075,1.1529242594260722,0.1947876513004303,0.0,0.0,0.0
1.3403794147517043,-0.19021466374397278,-0.6836538799107075,1.1529242594260722,0.19021466374397278,0.0,0.0,0.0
1.3403794147517043,-0.1872805655002594,-0.6836538799107075,1.1529242594260722,0.1872805655002594,0.0,0.0,0.0
1.3403794147517043,-0.18467864394187927,-0.6836538799107075,1.1529242594260722,0.18467864394187927,0.0,0.0,0.0
1.3154975224464813,-0.18112382292747498,-0.6619565188884735,1.1368145401356742,0.18112382292747498,0.0,0.0,0.0
1.3154975224464813,-0.1779123842716217,-0.6619565188884735,1.1368145401356742,0.1779123842716217,0.0,0.0,0.0
1.3154975224464813,-0.17497959733009338,-0.6619565188884735,1.1368145401356742,0.17497959733009338,0.0,0.0,0.0
1.3154975224464813,-0.17099681496620178,-0.6619565188884735,1.1368145401356742,0.17099681496620178,0.0,0.0,0.0
1.3154975224464813,-0.16893282532691956,-0.6619565188884735,1.1368145401356742,0.16893282532691956,0.0,0.0,0.0
1.3030885733712527,-0.16623565554618835,-0.651107837446034,1.128759679500945,0.16623565554618835,0.0,0.0,0.0
1.3030885733712527,-0.16374018788337708,-0.651107837446034,1.128759679500945,0.16374018788337708,0.0,0.0,0.0
1.3030885733712527,-0.1613362729549408,-0.651107837446034,1.128759679500945,0.1613362729549408,0.0,0.0,0.0
1.3030885733712527,-0.15880486369132996,-0.651107837446034,1.128759679500945,0.15880486369132996,0.0,0.0,0.0
1.3030885733712527,-0.15553590655326843,-0.651107837446034,1.128759679500945,0.15553590655326843,0.0,0.0,0.0
1.2848951899752383,-0.15249261260032654,-0.6291481545194983,1.1203250639373437,0.15249261260032654,0.0,0.0,0.0
1.2848951899752383,-0.14990028738975525,-0.6291481545194983,1.1203250639373437,0.14990028738975525,0.0,0.0,0.0
1.2848951899752383,-0.1468055546283722,-0.6291481545194983,1.1203250639373437,0.1468055546283722,0.0,0.0,0.0
1.2848951899752383,-0.1446414291858673,-0.6291481545194983,1.1203250639373437,0.1446414291858673,0.0,0.0,0.0
1.2848951899752383,-0.14231082797050476,-0.6291481545194983,1.1203250639373437,0.14231082797050476,0.0,0.0,0.0
1.2725719021432633,-0.13953068852424622,-0.6182994749397039,1.1122702034190297,0.13953068852424622,0.0,0.0,0.0
1.2725719021432633,-0.1361580789089203,-0.6182994749397039,1.1122702034190297,0.1361580789089203,0.0,0.0,0.0
1.2725719021432633,-0.13399484753608704,-0.6182994749397039,1.1122702034190297,0.13399484753608704,0.0,0.0,0.0
1.2725719021432633,-0.1313219964504242,-0.6182994749397039,1.1122702034190297,0.1313219964504242,0.0,0.0,0.0
1.2725719021432633,-0.1294328272342682,-0.6182994749397039,1.1122702034190297,0.1294328272342682,0.0,0.0,0.0
1.265997249112398,-0.12596097588539124,-0.6185617977753282,1.1045951009728014,0.12596097588539124,0.0,0.0,0.0
1.265997249112398,-0.12204638868570328,-0.6185617977753282,1.1045951009728014,0.12204638868570328,0.0,0.0,0.0
1.265997249112398,-0.11962155252695084,-0.6185617977753282,1.1045951009728014,0.11962155252695084,0.0,0.0,0.0
1.265997249112398,-0.1170077696442604,-0.6185617977753282,1.1045951009728014,0.1170077696442604,0.0,0.0,0.0
1.265997249112398,-0.11435732990503311,-0.6185617977753282,1.1045951009728014,0.11435732990503311,0.0,0.0,0.0
1.2717929346468202,-0.11040685325860977,-0.6296727992594242,1.1049748569494113,0.11040685325860977,0.0,0.0,0.0
1.2717929346468202,-0.10697279125452042,-0.6296727992594242,1.1049748569494113,0.10697279125452042,0.0,0.0,0.0
1.2717929346468202,-0.1029600277543068,-0.6296727992594242,1.1049748569494113,0.1029600277543068,0.0,0.0,0.0
1.2717929346468202,-0.10032174736261368,-0.6296727992594242,1.1049748569494113,0.10032174736261368,0.0,0.0,0.0
1.2717929346468202,-0.0968388095498085,-0.6296727992594242,1.1049748569494113,0.0968388095498085,0.0,0.0,0.0
1.265260845895276,-0.09247574955224991,-0.629935123026371,1.0972997534554452,0.09247574955224991,0.0,0.0,0.0
1.265260845895276,-0.08798793703317642,-0.629935123026371,1.0972997534554452,0.08798793703317642,0.0,0.0,0.0
1.265260845895276,-0.08464250713586807,-0.629935123026371,1.0972997534554452,0.08464250713586807,0.0,0.0,0.0
1.265260845895276,-0.08076838403940201,-0.629935123026371,1.0972997534554452,0.08076838403940201,0.0,0.0,0.0
1.265260845895276,-0.07622245699167252,-0.629935123026371,1.0972997534554452,0.07622245699167252,0.0,0.0,0.0
1.2717929346468202,-0.07210651785135269,-0.6296727992594242,1.1049748569494113,0.07210651785135269,0.0,0.0,0.0
1.2717929346468202,-0.06718520075082779,-0.6296727992594242,1.1049748569494113,0.06718520075082779,0.0,0.0,0.0
1.2717929346468202,-0.06337080150842667,-0.6296727992594242,1.1049748569494113,0.06337080150842667,0.0,0.0,0.0
1.2717929346468202,-0.05942050367593765,-0.6296727992594242,1.1049748569494113,0.05942050367593765,0.0,0.0,0.0
1.2717929346468202,-0.054268695414066315,-0.6296727992594242,1.1049748569494113,0.054268695414066315,0.0,0.0,0.0
1.2594351007967368,-0.048538900911808014,-0.6188241206109524,1.0969199974788353,0.048538900911808014,0.0,0.0,0.0
1.2594351007967368,-0.043520428240299225,-0.6188241206109524,1.0969199974788353,0.043520428240299225,0.0,0.0,0.0
1.2594351007967368,-0.040480948984622955,-0.6188241206109524,1.0969199974788353,0.040480948984622955,0.0,0.0,0.0
1.2594351007967368,-0.03652540594339371,-0.6188241206109524,1.0969199974788353,0.03652540594339371,0.0,0.0,0.0
1.2594351007967368,-0.03129885345697403,-0.6188241206109524,1.0969199974788353,0.03129885345697403,0.0,0.0,0.0
1.25368087346269,-0.025362884625792503,-0.6077131163328886,1.0965402412693948,0.025362884625792503,0.0,0.0,0.0
1.25368087346269,-0.020047521218657494,-0.6077131163328886,1.0965402412693948,0.020047521218657494,0.0,0.0,0.0
1.25368087346269,-0.016089236363768578,-0.6077131163328886,1.0965402412693948,0.016089236363768578,0.0,0.0,0.0
1.25368087346269,-0.011200224980711937,-0.6077131163328886,1.0965402412693948,0.011200224980711937,0.0,0.0,0.0
1.25368087346269,-0.005978202912956476,-0.6077131163328886,1.0965402412693948,0.005978202912956476,0.0,0.0,0.0
1.2413893745978868,-0.0015584587818011642,-0.5968644358217716,1.0884853809839115,0.0015584587818011642,0.0,0.0,0.0
1.2413893745978868,0.0020449995063245296,-0.5968644358217716,1.0884853809839115,-0.0020449995063245296,0.0,0.0,0.0
1.2413893745978868,0.004777634050697088,-0.5968644358217716,1.0884853809839115,-0.004777634050697088,0.0,0.0,0.0
1.2413893745978868,0.006908321287482977,-0.5968644358217716,1.0884853809839115,-0.006908321287482977,0.0,0.0,0.0
1.2413893745978868,0.008056128397583961,-0.5968644358217716,1.0884853809839115,-0.008056128397583961,0.0,0.0,0.0
1.2357511620773278,0.008791649714112282,-0.5857534324750304,1.0881056248908862,-0.008791649714112282,0.0,0.0,0.0
